5906045.927873989
5763136.099000718
5601075.590705087
5471339.586854063
5471339.586854063
5471339.586854063
5042295.975520397
5042295.975520397
4826628.521623747
4738086.824706157
4674589.664338882
4674589.664338882
4674589.664338882
4674589.664338882
4674589.664338882
4674589.664338882
4674589.664338882
4674589.664338882
4661385.385567813
4641138.012173836
4641138.012173836
4641138.012173836
4591485.8234907575
4591485.8234907575
4591485.8234907575
4591485.8234907575
4591485.8234907575
4573381.276311978
4573381.276311978
4573381.276311978
4573381.276311978
4571987.641237955
4571987.641237955
4538414.162360462
4521759.511798135
4520986.821691682
4476600.552404587
4476600.552404587
4474770.724628474
4422495.00347918
4390712.761251471
4381438.048414563
4368189.291737928
4368189.291737928
4368189.291737928
4368189.291737928
4368189.291737928
4364536.007237833
4364535.792137021
4364510.0259626275
4357157.106208551
4353609.718990197
4352338.498471999
4352338.498471999
4352338.498471999
4352338.498471999
4352338.498471999
4352338.498471999
4352338.498471999
4352338.498471999
4339756.155266112
4339756.155266112
4313171.083885129
4296941.6802001875
4296941.6802001875
4267823.085970949
4267823.085970949
4254760.7874280475
4249843.579467398
4242584.198555278
4217445.829750856
4200022.130137873
4198747.082916577
4198747.082916577
4198368.254537417
4192879.758462657
4191900.187411513
4188763.522791129
4188135.2362072524
4180097.5776075106
4177664.5750616384
4173709.9863556745
4163857.440161679
4163036.1391789517
4156802.440666918
4155927.700229491
4155280.6062012226
4155280.6062012226
4151312.520796661
4151312.520796661
4151086.477116614
4150593.4049436287
4145280.8239801326
4130914.208423972
4128022.230353538
4125984.875506366
4101027.066242389
4093977.372655344
4084974.628614952
4084974.628614952
4026142.460597251
4024277.7579268613
4022719.8260678733
4022719.8260678733
4022719.8260678733
4022374.1993194167
4022374.1993194167
3976718.3792547914
3955707.782486712
3937137.441099022
3925396.9334795824
3915498.371795358
3915498.371795358
3914347.3780074064
3909659.153869798
3907410.2920932965
3904372.371562721
3904115.1192897656
3903683.652100584
3903683.652100584
3896073.996355079
3892652.634257969
3887176.094933748
3887176.094933748
3887176.094933748
3887176.094933748
3887176.094933748
3871419.9940778897
3850512.569056408
3850512.569056408
3849601.542423942
3848011.852370888
3846143.753091995
3841131.1082656584
3829682.7774670883
3829432.299019951
3828357.9178225966
3828357.9178225966
3828357.9178225966
3828357.9178225966
3828357.9178225966
3828357.9178225966
3828357.9178225966
3828357.9178225966
3828357.9178225966
3817930.0718395207
3808323.0549030327
3800961.438434925
3776519.1961992867
3756820.5010240795
3756820.5010240795
3754667.9566792543
3749969.145930977
3749646.286126681
3746839.8412079867
3743769.4936797293
3740443.5339260655
3737032.449469381
3737032.449469381
3735462.3498858176
3735248.975138132
3733457.596223838
3731009.42797344
3727594.3765406287
3724027.4942515055
3721177.5703194686
3721177.5703194686
3719769.4648005203
3719769.4648005203
3708500.7184160673
3707175.3483220604
3704776.4352790746
3702496.7502622
3702496.7502622
3702496.7502622
3701405.251406803
3700858.913429591
3700483.924047204
3700483.924047204
3699786.643978942
3699694.1201227247
3699694.1201227247
3699209.757116737
3695593.798046789
3694127.9909452656
3694127.9909452656
3694127.9909452656
3691705.4605289847
3690774.4703588844
3690774.4703588844
3689966.0490465187
3688790.077386846
3687932.6928359307
3687932.6928359307
3683904.8581347396
3683631.0113457795
3683631.0113457795
3683631.0113457795
3683631.0113457795
3683631.0113457795
3683631.0113457795
3683025.356307441
3683025.356307441
3682673.7640784187
3678457.928538888
3674883.391294349
3673578.456379789
3673578.456379789
3672383.1861659084
3672383.1861659084
3669327.955346267
3668889.0529983463
3668889.0529983463
3667363.8820091644
3667363.8820091644
3666525.860237795
3665216.6089068097
3665056.4471545815
3661238.7193823257
3659439.8044340466
3659439.8044340466
3658270.060490159
3657821.733652226
3638637.6202810397
3637824.6511296895
3632517.7100199973
3631654.9597618883
3631495.6856178152
3631495.6856178152
3631495.6856178152
3631495.6856178152
3630733.408550132
3630733.408550132
3630733.408550132
3629723.162507465
3629723.162507465
3629723.162507465
3629723.162507465
3629723.162507465
3629723.162507465
3629723.162507465
3627019.682759689
3626678.9385851747
3626536.953138859
3625316.7366947616
3625316.7366947616
3623504.0006660414
3623504.0006660414
3622243.7001434183
3621262.166234953
3621262.166234953
3621262.166234953
3621262.166234953
3620939.296932068
3620939.296932068
3620939.296932068
3620939.296932068
3619792.2480116202
3618794.473129643
3618794.473129643
3618794.473129643
3618794.473129643
3614100.0105983843
3610887.4124004813
3609131.7628349382
3607823.636771713
3607823.636771713
3607259.7681895136
3605076.3564317976
3605076.3564317976
3602868.3569788346
3602868.3569788346
3602868.3569788346
3602868.3569788346
3600335.9968595235
3599273.1782812662
3599273.1782812662
3597570.351268989
3596041.401500317
3596041.401500317
3593411.9446458337
3593411.9446458337
3593411.9446458337
3591802.4145412673
3589721.7269471427
3587567.8510819296
3585607.8131967965
3583907.530920736
3583195.0083079254
3581713.0919448035
3581713.0919448035
3581713.0919448035
3581713.0919448035
3581713.0919448035
3581713.0919448035
3581713.0919448035
3581525.898587433
3579455.5163430735
3577883.6297085444
3577337.422203361
3577337.422203361
3575975.8151417784
3575972.6619525207
3571764.0267429478
3571347.783439472
3571347.783439472
3571347.783439472
3571347.783439472
3571347.783439472
3571343.6521850047
3568842.7051123152
3567947.505543066
3567947.505543066
3565245.4115969394
3565245.4115969394
3565245.4115969394
3565245.4115969394
3563875.6919373013
3563875.6919373013
3562035.816232018
3562035.816232018
3562035.816232018
3562035.816232018
3560451.1166297817
3560111.2954038475
3559570.824358745
3559570.824358745
3559570.824358745
3559570.824358745
3559570.824358745
3558594.480809653
3558159.5713915084
3558159.5713915084
3558136.0940862307
3558136.0940862307
3558136.0940862307
3557976.696353605
3557976.696353605
3557976.696353605
3557976.696353605
3557976.696353605
3557976.696353605
3557976.696353605
3557976.696353605
3557976.696353605
3557976.696353605
3557976.696353605
3557976.696353605
3557976.696353605
3557976.696353605
3555174.9866023767
3555174.9866023767
3554607.212633631
3554607.212633631
3554607.212633631
3554607.212633631
3554607.212633631
3554607.212633631
3554607.212633631
3554607.212633631
3554607.212633631
3554607.212633631
3553558.284006938
3553558.284006938
3553322.2017855677
3553280.150904559
3553280.150904559
3553280.150904559
3553115.2945166654
3553115.2945166654
3553115.2945166654
3553115.2945166654
3553115.2945166654
3553115.2945166654
3553115.2945166654
3553115.2945166654
3553115.2945166654
3552637.18405269
3552290.7861597063
3552290.7861597063
3552290.7861597063
3552290.7861597063
3552290.7861597063
3552135.9558947906
3552135.9558947906
3550911.6163025033
3550911.6163025033
3550911.6163025033
3550911.6163025033
3550911.6163025033
3550911.6163025033
3550911.6163025033
3550911.6163025033
3550911.6163025033
3550233.95085916
3549094.8977761073
3549094.8977761073
3549094.8977761073
3547735.2485549087
3547735.2485549087
3547090.4248712044
3547090.4248712044
3547090.4248712044
3547090.4248712044
3546357.7950618686
3545838.7265483094
3545838.7265483094
3545252.8449269035
3545252.8449269035
3545252.8449269035
3544652.0335239656
3543972.1868308564
3543972.1868308564
3543972.1868308564
3543737.561819385
3543737.561819385
3543737.561819385
3543299.9154712
3543299.9154712
3543299.9154712
3542730.58146672
3542730.58146672
3542217.8233237863
3542217.8233237863
3542217.8233237863
3542217.8233237863
3542217.8233237863
3542217.8233237863
3542040.0389293
3542040.0389293
3542040.0389293
3542040.0389293
3542040.0389293
3542040.0389293
3542040.0389293
3541993.0099287136
3541993.0099287136
3541993.0099287136
3541604.4334663926
3541604.4334663926
3541604.4334663926
3541604.4334663926
3541604.4334663926
3541401.4931617132
3541344.2473369613
3541044.6022176403
3541044.6022176403
3541044.6022176403
3541044.6022176403
3541044.6022176403
3541044.6022176403
3541044.6022176403
3541044.6022176403
3540885.5642170506
3540885.146887197
3540633.306972757
3540633.306972757
3540633.306972757
3540564.5531869507
3540564.5531869507
3540412.7362865475
3540355.7068267153
3540355.7068267153
3540355.7068267153
3540330.4846609375
3540304.4426974426
3540304.4426974426
3540304.4426974426
3540304.4426974426
3540304.4426974426
3540304.4426974426
3539982.7597508044
3539436.5451356955
3538783.692128981
3538783.692128981
3538783.692128981
3538736.734785889
3538736.734785889
3538437.5460733892
3538223.3687094166
3537868.6858099923
3537868.6858099923
3537868.6858099923
3537702.2511774767
3537702.2511774767
3537702.2511774767
3537490.222151857
3537490.222151857
3537334.233600383
3536840.674688876
3536325.6093692137
3535978.001573839
3535902.1977574658
3535902.1977574658
3535810.5865453808
3535810.5865453808
3535749.751110194
3535614.4793766537
3535614.4793766537
3535614.4793766537
3535614.4793766537
3535614.4793766537
3535409.9097511787
3535409.9097511787
3535409.9097511787
3535248.797856763
3535195.728481425
3535195.728481425
3535195.728481425
3535195.728481425
3535100.4385353345
3535100.4385353345
3535100.4385353345
3535045.272363898
3535045.272363898
3535045.272363898
3535045.272363898
3535045.272363898
3534990.44611387
3534990.44611387
3534990.44611387
3534990.44611387
3534990.44611387
3534990.44611387
3534990.44611387
3534990.44611387
3534990.44611387
3534990.44611387
3534990.44611387
3534990.44611387
3534720.6952853184
3534622.303328903
3534622.303328903
3534622.303328903
3534622.303328903
3534622.303328903
3534622.303328903
3534549.3144392273
3534398.7226500623
3534398.7226500623
3534398.7226500623
3534398.7226500623
3534398.7226500623
3534398.7226500623
3534398.7226500623
3534398.7226500623
3534398.7226500623
3534398.7226500623
3533755.922794792
3533755.922794792
3533755.922794792
3533755.922794792
3533755.922794792
3533737.7049428676
3533737.7049428676
3533737.7049428676
3533737.7049428676
3533442.8050455204
3532948.124800625
3532948.124800625
3532948.124800625
3532948.124800625
3532948.124800625
3532487.197712639
3532487.197712639
3532487.197712639
3532487.197712639
3532266.247428755
3532266.247428755
3532266.247428755
3532266.247428755
3532139.275508488
3532139.275508488
3532056.2404717407
3532056.2404717407
3531994.042584021
3531994.042584021
3531994.042584021
3531994.042584021
3531994.042584021
3531994.042584021
3531994.042584021
3531994.042584021
3531994.042584021
3531976.7615115237
3531976.7615115237
3531970.3022393254
3531970.3022393254
3531970.3022393254
3531970.3022393254
3531970.3022393254
3531970.3022393254
3531970.3022393254
3531970.3022393254
3531970.3022393254
3531970.3022393254
3531907.378394148
3531907.378394148
3531907.378394148
3531796.0463518556
3531729.748066536
3531729.748066536
3531729.748066536
3531729.748066536
3531729.748066536
3531729.748066536
3531729.748066536
3531729.748066536
3531650.8493014625
3531650.8493014625
3531650.8493014625
3531624.5588556197
3531624.5588556197
3531624.5588556197
3531624.5588556197
3531624.5588556197
3531624.5588556197
3531624.5588556197
3531624.5588556197
3531624.5588556197
3531624.5588556197
3531624.5588556197
3531624.5588556197
3531624.5588556197
3531624.5588556197
3531624.5588556197
3531624.5588556197
3531624.5588556197
3531624.5588556197
3531624.5588556197
3531624.5588556197
3531624.5588556197
3531624.5588556197
3531624.5588556197
3531624.5588556197
3531624.5588556197
3531624.5588556197
3531603.336011184
3531603.336011184
3531603.336011184
3531603.336011184
3531344.658741946
3531344.658741946
3531344.658741946
3531344.658741946
3531258.037886813
3531258.037886813
3531234.831244698
3531234.831244698
3531188.2651141705
3531188.2651141705
3531188.2651141705
3531148.9477909566
3531009.6636858946
3531009.6636858946
3531009.6636858946
3530912.0912646274
3530912.0912646274
3530707.9379441426
3530707.9379441426
3530707.9379441426
3530707.9379441426
3530707.9379441426
3530383.1152503025
3530383.1152503025
3530383.1152503025
3530383.1152503025
3530383.1152503025
3530042.198114426
3530042.198114426
3530042.198114426
3530042.198114426
3530042.198114426
3530019.2136862758
3530019.2136862758
3530019.2136862758
3530019.2136862758
3530019.2136862758
3530019.2136862758
3530019.2136862758
3530019.2136862758
3530019.2136862758
3530019.2136862758
3530019.2136862758
3530019.2136862758
3530019.2136862758
3530019.2136862758
3530019.2136862758
3530019.2136862758
3530019.2136862758
3530019.2136862758
3530019.2136862758
3530019.2136862758
3530019.2136862758
3530019.2136862758
3530019.2136862758
3530019.2136862758
3530019.2136862758
3530019.2136862758
3530019.2136862758
3530019.2136862758
3530019.2136862758
3530019.2136862758
3530019.2136862758
3530019.2136862758
3530019.2136862758
3530019.2136862758
3530019.2136862758
3530019.2136862758
3530019.2136862758
3530019.2136862758
3530019.2136862758
3530019.2136862758
3530019.2136862758
3530019.2136862758
3530019.2136862758
3530019.2136862758
3530019.2136862758
3530019.2136862758
3530019.2136862758
3530019.2136862758
3530019.2136862758
3530019.2136862758
3530019.2136862758
3530019.2136862758
3530019.2136862758
3530019.2136862758
3530019.2136862758
3530019.2136862758
3530019.2136862758
3530019.2136862758
3530019.2136862758
3530019.2136862758
3530019.2136862758
3530019.2136862758
3530019.2136862758
3530019.2136862758
3530019.2136862758
3530019.2136862758
3530019.2136862758
3530019.2136862758
3530019.2136862758
3530019.2136862758
3530019.2136862758
3530019.2136862758
3530019.2136862758
3530019.2136862758
3530019.2136862758
3530019.2136862758
3530019.2136862758
3530019.2136862758
3530019.2136862758
3530019.2136862758
3530019.2136862758
3530019.2136862758
3530019.2136862758
3530019.2136862758
3530019.2136862758
3530019.2136862758
3530019.2136862758
3530019.2136862758
3530019.2136862758
3530019.2136862758
3530019.2136862758
3530019.2136862758
3530019.2136862758
3530019.2136862758
3530019.2136862758
3530019.2136862758
3530019.2136862758
3530019.2136862758
3530019.2136862758
3530019.2136862758
3530019.2136862758
3530019.2136862758
3530019.2136862758
3530019.2136862758
3530019.2136862758
3530019.2136862758
3530019.2136862758
3530019.2136862758
3530019.2136862758
3530019.2136862758
3530019.2136862758
3530019.2136862758
3530019.2136862758
3530019.2136862758
3530019.2136862758
3530019.2136862758
3530019.2136862758
3530019.2136862758
3530019.2136862758
3530019.2136862758
3530019.2136862758
3530019.2136862758
3530019.2136862758
3530019.2136862758
3530019.2136862758
3530019.2136862758
3530019.2136862758
3530019.2136862758
3530019.2136862758
3530019.2136862758
3530019.2136862758
3530019.2136862758
3530019.2136862758
3529730.1519135693
3529730.1519135693
3529442.5372774056
3528905.174991935
3528637.439192187
3528637.439192187
3528637.439192187
3528637.439192187
3527060.9089633347
3526852.013647746
3526852.013647746
3526277.3914694805
3526277.3914694805
3525896.219688608
3525896.219688608
3525730.1633421783
3525730.1633421783
3525187.8543248
3524966.515017501
3524966.515017501
3524966.515017501
3524955.4818018414
3524955.4818018414
3524955.4818018414
3524892.424008315
3524892.424008315
3524892.424008315
3524892.424008315
3524892.424008315
3524874.1522831605
3524176.349054558
3523826.3791354373
3523694.106030274
3523661.4689272726
3523657.9198712553
3523657.9198712553
3523657.9198712553
3523657.9198712553
3523559.625930827
3523559.625930827
3523550.310278092
3523407.1153857624
3523407.1153857624
3523407.1153857624
3523247.1926363595
3523247.1926363595
3523247.1926363595
3523247.1926363595
3523247.1926363595
3523204.9652415956
3523085.2208333206
3523085.2208333206
3522962.967225337
3522805.92869238
3522805.92869238
3522424.377447022
3522424.377447022
3521784.8718111943
3521784.8718111943
3521289.506404329
3521289.506404329
3521289.506404329
3521289.506404329
3521289.506404329
3521213.1218574406
3521213.1218574406
3521213.1218574406
3521032.8436999065
3521032.8436999065
3521032.8436999065
3521032.8436999065
3521032.8436999065
3521032.8436999065
3520947.9780876944
3520947.9780876944
3520947.9780876944
3520947.9780876944
3520947.9780876944
3520947.9780876944
3520947.9780876944
3520943.241798374
3520927.9205402746
3520693.3244381887
3520693.3244381887
3520630.5333630643
3520630.5333630643
3520630.5333630643
3520595.1920229564
3520270.707047923
3520270.707047923
3519915.4073103513
3519915.4073103513
3519915.4073103513
3519875.1510429564
3519786.847808769
3519786.847808769
3519786.847808769
3519786.847808769
3519675.075109194
3519675.075109194
3519675.075109194
3519580.2516507134
3519580.2516507134
3519580.2516507134
3519580.2516507134
3519536.2740562223
3519495.7269821176
3519495.7269821176
3519435.206499959
3519432.4382589464
3519422.684060992
3519422.684060992
3519422.684060992
3519422.684060992
3519422.684060992
3519422.684060992
3519422.684060992
3519422.684060992
3519419.251899568
3519419.251899568
3519419.251899568
3519403.219646651
3519395.1772168055
3519395.1772168055
3519376.0904818648
3519374.5440826192
3519374.5440826192
3519374.5440826192
3519374.5440826192
3519362.0018591066
3519297.833487725
3519297.833487725
3519297.833487725
3519297.833487725
3519297.833487725
3519268.88202913
3519268.88202913
3519268.88202913
3519268.88202913
3519268.88202913
3519268.88202913
3519268.88202913
3519268.88202913
3519268.88202913
3519256.8620470846
3519256.8620470846
3519256.8620470846
3519256.8620470846
3519251.6107732183
3519251.6107732183
3519216.843094132
3519216.843094132
3519216.843094132
3519199.5689401906
3519199.5689401906
3519199.5689401906
3519199.5689401906
3519199.5689401906
3519199.5689401906
3519199.5689401906
3519199.5689401906
3519199.5689401906
3519184.1044819164
3519184.1044819164
3519184.1044819164
3519184.1044819164
3519184.1044819164
3519177.172901331
3519177.172901331
3519177.172901331
3519177.172901331
3519177.172901331
3519177.172901331
3519177.172901331
3519177.172901331
3519177.172901331
3519177.172901331
3519177.172901331
3519177.172901331
3518081.2311151656
3517637.409781761
3517637.409781761
3517637.409781761
3517637.409781761
3516914.288338329
3516446.1075100205
3516403.310785743
3516403.310785743
3516160.3417972657
3516096.555181249
3516011.7620738177
3515977.960381692
3515075.732811963
3514845.7503326163
3514845.7503326163
3514845.7503326163
3513471.6517870743
3513471.6517870743
3513471.6517870743
3512927.7839287287
3512927.7839287287
3512765.2531460756
3512765.2531460756
3512146.010797524
3512146.010797524
3512146.010797524
3511850.808931544
3511850.808931544
3511549.8226953787
3511403.7244292344
3511263.398255736
3511015.295162746
3511015.295162746
3510815.2600534097
3510815.2600534097
3510815.2600534097
3510721.4283740246
3510689.3498431803
3510687.9312071535
3510687.9312071535
3510687.9312071535
3510687.9312071535
3510493.8033398646
3510493.8033398646
3510442.385355141
3510442.385355141
3510412.010644759
3510412.010644759
3510412.010644759
3510412.010644759
3510397.057283861
3510367.28257247
3510367.28257247
3510367.28257247
3510367.28257247
3510367.28257247
3510367.28257247
3510367.28257247
3510367.28257247
3510367.28257247
3510367.28257247
3510337.4659314137
3510333.0606206055
3510235.521705924
3510235.521705924
3509977.2665014844
3509977.2665014844
3509977.2665014844
3509977.2665014844
3509830.7565011587
3509830.7565011587
3509791.958840783
3509171.4938960583
3509171.4938960583
3509171.4938960583
3509000.510814972
3508365.7569091762
3508365.7569091762
3508029.050885952
3507637.241211566
3507280.7438342236
3507217.6783437063
3507077.766131569
3507077.766131569
3507077.766131569
3507077.766131569
3507004.465749341
3507004.465749341
3506945.40371974
3506945.40371974
3506945.40371974
3506826.893195092
3506518.801942833
3505839.6959107276
3505702.910981441
3504889.0804391582
3504686.7797913165
3503352.3488359433
3502364.812154548
3502364.812154548
3500728.5388885466
3500728.5388885466
3499754.848403934
3499754.848403934
3499396.980812349
3499396.980812349
3499396.980812349
3499396.980812349
3498930.1258847257
3498626.9052391616
3498626.9052391616
3498322.7349072555
3498016.2410549535
3498014.3015978998
3498014.3015978998
3498014.3015978998
3498014.3015978998
3498014.3015978998
3498014.3015978998
3498014.3015978998
3498014.3015978998
3498014.3015978998
3497459.8253830853
3497455.9072088148
3497455.9072088148
3496919.0600142158
3496832.4105133493
3496648.8439298747
3496589.4032071917
3496586.981188039
3494936.8159015714
3494671.2095550797
3493677.3880724898
3492534.244165324
3492534.244165324
3492534.244165324
3492189.323598306
3491846.307172629
3491845.437764894
3491628.498115931
3491628.498115931
3491628.498115931
3491628.498115931
3491473.6861339114
3491473.6861339114
3491473.6861339114
3491473.6861339114
3491473.6861339114
3491473.6861339114
3491473.6861339114
3491473.6861339114
3491447.1673723077
3491279.6410004203
3491266.7148953183
3491265.167049048
3491263.658238026
3491263.658238026
3491263.658238026
3491217.608922873
3491217.608922873
3491217.608922873
3491209.9500933927
3491209.9500933927
3491209.9500933927
3491209.9500933927
3491209.9500933927
3491209.9500933927
3491209.9500933927
3491209.9500933927
3491209.9500933927
3491139.595185383
3491139.595185383
3491139.595185383
3491139.595185383
3491139.595185383
3491139.595185383
3491115.7898023752
3491115.7898023752
3491115.7898023752
3491115.7898023752
3491115.7898023752
3491115.7898023752
3491115.7898023752
3491115.7898023752
3491115.7898023752
3491088.3505543107
3490883.463870152
3490612.6827942617
3490450.6301997914
3490082.833172154
3490082.833172154
3490082.833172154
3490082.833172154
3488881.259492838
3488881.259492838
3488881.259492838
3488881.259492838
3488881.259492838
3488881.259492838
3488476.167925362
3488476.167925362
3487668.8949444494
3487317.958754937
3487061.7365073743
3486841.9292926523
3486841.9292926523
3486841.9292926523
3486760.0484219543
3486611.7831263784
3486611.7831263784
3486466.9416238326
3486466.9416238326
3486466.9416238326
3486466.9416238326
3486242.9089958286
3486153.7911929637
3486153.7911929637
3486153.7911929637
3486153.7911929637
3486153.7911929637
3486153.7911929637
3485997.80726448
3485997.7060126057
3485997.7060126057
3485997.7060126057
3485997.7060126057
3485997.7060126057
3485997.7060126057
3485997.7060126057
3485919.5756349405
3485919.5756349405
3485888.1177260596
3485888.1177260596
3485873.620965607
3485873.620965607
3485790.5059014745
3485780.1822300483
3485780.1822300483
3485780.1822300483
3485743.8441003584
3485725.4346064455
3485724.9834028077
3485724.9834028077
3485724.9834028077
3485724.9834028077
3485724.9834028077
3485710.586718746
3485693.575602491
3485693.575602491
3485693.575602491
3485693.575602491
3485693.575602491
3485673.000899714
3485673.000899714
3485673.000899714
3485673.000899714
3485673.000899714
3485673.000899714
3485653.2814266547
3485653.2814266547
3485653.2271989337
3485653.2271989337
3485653.2271989337
3485653.2271989337
3485653.2271989337
3485653.2271989337
3485653.2271989337
3485653.2271989337
3485653.2271989337
3485653.2271989337
3485653.2271989337
3485653.2271989337
3485653.2271989337
3485653.2271989337
3485653.2271989337
3485653.2271989337
3485653.2271989337
3485653.2271989337
3485653.2271989337
3485646.884686275
3485641.1691872734
3485640.1197849
3485640.1197849
3485640.1197849
3485640.1197849
3485632.322408772
3485632.322408772
3485632.322408772
3485632.322408772
3485632.322408772
3485632.322408772
3485632.322408772
3485632.322408772
3485632.322408772
3485632.322408772
3485632.322408772
3485632.322408772
3485632.322408772
3485632.322408772
3485632.322408772
3485632.322408772
3485632.322408772
3485632.322408772
3485628.782086799
3485628.782086799
3485628.782086799
3485628.782086799
3485594.7163665406
3485594.7163665406
3485594.7163665406
3485594.7163665406
3485593.9094208474
3485593.858005483
3485593.858005483
3485593.858005483
3485593.858005483
3485593.858005483
3485593.858005483
3485593.858005483
3485593.858005483
3485593.858005483
3485593.858005483
3485593.858005483
3485593.858005483
3485579.5762512684
3485579.5762512684
3485579.5762512684
3485570.632727556
3485570.632727556
3485570.632727556
3485570.632727556
3485570.632727556
3485570.632727556
3485570.632727556
3485570.632727556
3485570.632727556
3485570.632727556
3485570.632727556
3485570.632727556
3485570.632727556
3485570.632727556
3485566.8946869997
3485566.8946869997
3485566.8946869997
3485566.8946869997
3485566.8946869997
3485566.8946869997
3485566.8946869997
3485566.8946869997
3485566.8946869997
3485566.8946869997
3485566.8946869997
3485566.8946869997
3485556.5856724055
3485556.5856724055
3485542.769522754
3485542.769522754
3485542.0398877165
3485542.0398877165
3485542.0398877165
3485542.0398877165
3485542.0398877165
3485542.0398877165
3485542.0398877165
3485542.0398877165
3485542.0398877165
3485542.0398877165
3485542.0398877165
3485542.0398877165
3485542.0398877165
3485542.0398877165
3485542.0398877165
3485542.0398877165
3485542.0398877165
3485542.0398877165
3485540.2905466245
3485539.4431372792
3485539.4431372792
3485539.4431372792
3485539.4431372792
3485539.4431372792
3485539.4431372792
3485539.4431372792
3485539.4431372792
3485535.0305420468
3485500.826363347
3485500.826363347
3485349.3090451593
3483410.91357592
3483410.91357592
3483256.547343591
3483118.8764343485
3482987.2421378302
3482987.2421378302
3482987.2421378302
3482987.2421378302
3482987.2421378302
3482987.2421378302
3482987.2421378302
3482987.2421378302
3482987.2421378302
3482987.2421378302
3482987.2421378302
3482987.2421378302
3482987.2421378302
3482987.2421378302
3482987.2421378302
3482987.2421378302
3482987.2421378302
3482987.2421378302
3482987.2421378302
3482889.036802665
3482771.579916802
3482771.579916802
3482641.3809649167
3482641.3809649167
3482350.3509501647
3481963.393913505
3481963.393913505
3481664.291834261
3481457.0853913496
3481457.0853913496
3481410.351657583
3481410.351657583
3480802.059827913
3480524.5435525724
3480524.4776474126
3480201.9916665372
3480201.114493311
3480201.114493311
3480201.114493311
3480201.114493311
3480170.391117078
3480169.826928414
3480169.826928414
3480169.826928414
3480169.826928414
3479908.114220543
3479908.114220543
3478565.9360850593
3478565.9360850593
3478282.7882143753
3478282.7882143753
3478282.7882143753
3478282.7882143753
3478282.7882143753
3478282.7882143753
3478282.7882143753
3478282.7882143753
3478050.3165284703
3478050.3165284703
3477925.0526019624
3477925.0526019624
3477649.2520227493
3477546.1266692607
3477546.1266692607
3477546.1266692607
3477546.1266692607
3477546.1266692607
3477546.1266692607
3477546.1266692607
3475682.1168835294
3470516.2559698075
3470516.2559698075
3470516.2559698075
3469552.0492811827
3469552.0492811827
3468674.7106928173
3468649.479279505
3468649.479279505
3468649.479279505
3468649.479279505
3468219.0367897903
3468219.0367897903
3467908.4470138387
3467908.4470138387
3467908.4470138387
3467908.4470138387
3467908.4470138387
3467908.4470138387
3467908.4470138387
3467908.4470138387
3467908.4470138387
3467908.4470138387
3467908.4470138387
3467908.4470138387
3467908.4470138387
3467908.4470138387
3467908.4470138387
3467908.4470138387
3467908.4470138387
3467908.4470138387
3467908.4470138387
3467908.4470138387
3467908.4470138387
3467908.4470138387
3467908.4470138387
3467908.4470138387
3467908.4470138387
3467908.4470138387
3467908.4470138387
3467908.4470138387
3467908.4470138387
3467908.4470138387
3467908.4470138387
3467908.4470138387
3467908.4470138387
3467908.4470138387
3467908.4470138387
3467724.6519726724
3467724.6519726724
3467724.6519726724
3467724.6519726724
3467724.6519726724
3467106.660538565
3466213.9576985906
3465517.2486904967
3465221.075982885
3465221.075982885
3465221.075982885
3465114.161388605
3465114.161388605
3464897.0858064606
3464897.0858064606
3464897.0858064606
3464897.0858064606
3464897.0858064606
3464815.676436126
3464815.676436126
3464815.676436126
3464815.676436126
3464815.676436126
3464815.676436126
3464815.676436126
3464815.676436126
3464815.676436126
3464815.676436126
3464697.127693673
3464697.127693673
3464697.127693673
3464697.127693673
3464670.5376365646
3464670.5376365646
3464670.5376365646
3464670.5376365646
3464670.5376365646
3464670.5376365646
3464670.5376365646
3464670.5376365646
3464644.0809526457
3464626.4815343968
3464601.2886730577
3464601.2886730577
3464601.2886730577
3464601.2886730577
3464601.2886730577
3464601.2886730577
3464601.2886730577
3464601.2886730577
3464586.367638564
3464586.367638564
3464565.3138820985
3464557.712637599
3464557.712637599
3464557.712637599
3464557.712637599
3464557.712637599
3464557.712637599
3464557.712637599
3464557.712637599
3464557.712637599
3464557.712637599
3464557.712637599
3464557.712637599
3464557.712637599
3464557.712637599
3464557.712637599
3464557.712637599
3464557.712637599
3464550.113121969
3464550.113121969
3464550.113121969
3464550.113121969
3464550.113121969
3464526.308141744
3464512.4912996744
3464512.4912996744
3464512.4912996744
3464512.4912996744
3464512.4912996744
3464512.4912996744
3464512.4912996744
3464511.096439244
3464511.096439244
3464511.096439244
3464511.096439244
3464511.096439244
3464511.096439244
3464511.096439244
3464511.096439244
3464511.096439244
3464511.096439244
3464511.096439244
3464511.096439244
3464511.096439244
3464511.096439244
3464511.096439244
3464511.096439244
3464505.026129293
3464466.798101921
3464466.798101921
3464466.798101921
3462128.77318394
3462128.77318394
3462128.77318394
3462128.77318394
3462128.77318394
3462128.77318394
3462128.77318394
3462128.77318394
3462128.77318394
3462128.77318394
3462128.77318394
3462128.77318394
3462128.77318394
3461903.852854509
3461488.3547099843
3461488.3547099843
3461368.3246440925
3461265.4872016134
3461253.54358094
3461138.0695367362
3460891.976647435
3460891.976647435
3460891.976647435
3460891.976647435
3460891.976647435
3460891.976647435
3460875.2517501595
3460761.788233785
3460761.788233785
3460685.812733665
3460685.812733665
3460612.916312814
3460441.2177614667
3460426.8530847286
3460426.8530847286
3460324.376695003
3460324.376695003
3460324.376695003
3460324.376695003
3460279.083386452
3460279.083386452
3460248.0213102624
3460170.4628752815
3460170.4628752815
3460170.4628752815
3460170.4628752815
3460170.4628752815
3460162.8990717763
3460146.6291386485
3460146.6291386485
3460143.7081127847
3460143.7081127847
3460143.7081127847
3460143.7081127847
3460143.7081127847
3460143.7081127847
3460143.7081127847
3460132.520143999
3460132.520143999
3460132.520143999
3460132.520143999
3460067.0832258584
3460067.0832258584
3460067.0832258584
3460038.350817057
3460038.350817057
3460038.350817057
3460038.350817057
3460038.350817057
3460011.479570073
3460011.479570073
3459977.7436027415
3459901.3266659537
3459901.3266659537
3459901.3266659537
3459901.3266659537
3459901.3266659537
3459827.2031362583
3459827.2031362583
3459827.2031362583
3459827.2031362583
3459827.2031362583
3459796.86109869
3459787.2005109773
3459707.126589861
3459707.126589861
3459707.126589861
3459707.126589861
3459707.126589861
3459707.126589861
3459707.126589861
3459697.054787746
3459697.054787746
3459697.054787746
3459696.0159748206
3459696.0159748206
3459696.0159748206
3459693.430844879
3459653.442981113
3459599.5358110983
3459599.5358110983
3459599.5358110983
3459593.244444419
3459383.7408408606
3459383.7408408606
3459367.6725014397
3459367.6725014397
3459367.6725014397
3459367.6725014397
3459367.6725014397
3459367.6725014397
3459367.6725014397
3459358.1778252274
3459352.701931881
3459352.701931881
3459351.4560105903
3459351.4560105903
3459277.8828389673
3459253.5440857457
3459253.5440857457
3459253.5440857457
3459253.5440857457
3459253.5440857457
3459253.5440857457
3459253.5440857457
3459253.5440857457
3459253.5440857457
3459253.5440857457
3459253.5440857457
3459253.5440857457
3459144.5949839246
3459136.6397182047
3459136.6397182047
3459136.6397182047
3459082.0881221294
3458985.261297462
3458925.38533196
3458903.67312214
3458886.2079923637
3458886.2079923637
3458745.6630132864
3458745.6630132864
3458745.375513994
3458732.2618663516
3458700.782633623
3458700.782633623
3458700.782633623
3458700.782633623
3458605.6167373452
3458605.6167373452
3458605.6167373452
3458605.6167373452
3458584.3198076193
3458584.3198076193
3458584.3198076193
3458584.3198076193
3458584.3198076193
3458551.7300552665
3458551.7300552665
3458259.561341181
3458113.297235129
3458113.297235129
3458113.297235129
3458113.297235129
3458043.397831561
3458039.571445459
3458039.571445459
3458035.0325226174
3458035.0325226174
3458035.0325226174
3457990.200269069
3457990.200269069
3457990.200269069
3457990.200269069
3457990.200269069
3457990.200269069
3457990.200269069
3457990.200269069
3457990.200269069
3457990.200269069
3457990.200269069
3457990.200269069
3457990.200269069
3457990.200269069
3457990.200269069
3457990.200269069
3457990.200269069
3457990.200269069
3457113.742268082
3457113.742268082
3457113.742268082
3456744.188720286
3456743.9158233968
3456218.222742097
3456217.9058482563
3456217.9058482563
3456196.7129882867
3456151.7366221067
3456151.7366221067
3456151.7366221067
3456041.4312123945
3456039.689838974
3456039.689838974
3455971.1030630567
3455916.1068291403
3455916.1068291403
3455915.868724355
3455915.868724355
3455911.4353737603
3455911.4353737603
3455753.2474221094
3455625.767969604
3455625.767969604
3455625.767969604
3455501.481430014
3455501.481430014
3455468.0046777497
3455468.0046777497
3455468.0046777497
3455468.0046777497
3455468.0046777497
3455400.1589889377
3455400.1589889377
3455400.1589889377
3455400.1589889377
3455400.1589889377
3455400.1589889377
3455400.1589889377
3455374.1694255406
3455374.1540947305
3455365.5083421357
3455365.5083421357
3455365.5083421357
3455365.5083421357
3455312.530625783
3455312.2126923203
3455301.906518219
3455301.906518219
3455289.97204482
3455289.97204482
3455274.4824563297
3455274.4824563297
3455274.4824563297
3455274.4824563297
3455274.4824563297
3455274.4824563297
3455274.4824563297
3455274.4824563297
3455274.4824563297
3455274.4824563297
3455274.4824563297
3455274.4824563297
3455274.4824563297
3455274.4824563297
3455269.5606660196
3455269.5606660196
3455269.5606660196
3455269.5606660196
3455269.5606660196
3455269.5606660196
3455269.5606660196
3455269.5606660196
3455269.5606660196
3455269.5606660196
3455269.5606660196
3455269.5606660196
3455269.5606660196
3455269.5606660196
3455250.46372705
3455250.46372705
3455250.46372705
3455250.46372705
3455250.46372705
3455250.46372705
3455250.46372705
3455250.46372705
3455250.46372705
3455250.46372705
3455250.46372705
3455243.75734371
3455241.966218479
3455227.4662918905
3455227.4079064224
3455227.4079064224
3455227.4079064224
3455227.4079064224
3455227.4079064224
3455227.4079064224
3455227.4079064224
3455227.4079064224
3455227.4079064224
3455173.5991578144
3455118.6673802356
3455118.6673802356
3455118.6673802356
3455118.6673802356
3455118.6673802356
3455118.6673802356
3455118.6673802356
3455118.6673802356
3455118.6673802356
3455118.6673802356
3455118.6673802356
3455118.6673802356
3455113.2146574007
3455113.2146574007
3455113.2146574007
3455112.597215552
3455078.846742465
3455065.9028451536
3455065.9028451536
3455047.8276024293
3455047.8276024293
3455047.8276024293
3455047.8276024293
3455047.8276024293
3455047.8276024293
3455047.8276024293
3455026.5876478273
3455026.5876478273
3455026.5876478273
3455026.5876478273
3455022.608301301
3455022.608301301
3455022.608301301
3455022.608301301
3455022.608301301
3455022.608301301
3455000.556289799
3455000.556289799
3455000.556289799
3455000.556289799
3455000.556289799
3455000.556289799
3455000.556289799
3455000.556289799
3455000.556289799
3455000.556289799
3455000.556289799
3455000.556289799
3455000.556289799
3455000.556289799
3454983.414448161
3454947.6737680645
3454947.6737680645
3454947.6737680645
3454947.6737680645
3454947.6737680645
3454947.6737680645
3454947.6737680645
3454947.6737680645
3454947.6737680645
3454947.6737680645
3454947.6737680645
3454947.6737680645
3454947.6737680645
3454947.6737680645
3454933.0449735075
3454932.6507607643
3454932.6507607643
3454922.0236515817
3454918.472969188
3454918.42617439
3454918.42617439
3454918.42617439
3454918.42617439
3454918.42617439
3454918.42617439
3454918.42617439
3454918.42617439
3454918.42617439
3454918.42617439
3454918.42617439
3454918.42617439
3454918.42617439
3454918.42617439
3454918.42617439
3454918.42617439
3454918.42617439
3454918.42617439
3454918.42617439
3454918.42617439
3454891.1559731024
3454878.0800939403
3454873.8322313107
3454873.8322313107
3454873.8322313107
3454873.8322313107
3454870.590734924
3454870.444431399
3454850.8082593726
3454820.5924323015
3454820.569066236
3454820.569066236
3454820.569066236
3454820.569066236
3454820.569066236
3454820.569066236
3454820.569066236
3454820.569066236
3454820.569066236
3454820.569066236
3454820.569066236
3454820.569066236
3454820.569066236
3454820.569066236
3454820.569066236
3454820.569066236
3454803.1761106476
3454802.974898571
3454802.974898571
3454802.974898571
3454802.974898571
3454802.974898571
3454802.974898571
3454802.974898571
3454802.974898571
3454802.974898571
3454802.974898571
3454802.974898571
3454802.974898571
3454802.974898571
3454802.974898571
3454802.974898571
3454802.974898571
3454802.974898571
3454802.974898571
3454802.974898571
3454802.974898571
3454802.974898571
3454802.974898571
3454802.974898571
3454802.974898571
3454802.974898571
3454802.974898571
3454802.974898571
3454802.974898571
3454802.974898571
3454802.974898571
3454802.974898571
3454802.974898571
3454802.974898571
3454802.974898571
3454802.974898571
3454802.974898571
3454788.323414647
3454783.6411479767
3454768.7088772403
3454768.7088772403
3454768.7088772403
3454768.7088772403
3454768.7088772403
3454768.7088772403
3454768.7088772403
3454768.7088772403
3454768.7088772403
3454768.7088772403
3454768.7088772403
3454768.7088772403
3454768.7088772403
3454768.7088772403
3454768.7088772403
3454768.7088772403
3454768.7088772403
3454765.702606926
3454765.702606926
3454765.702606926
3454765.702606926
3454765.702606926
3454765.702606926
3454765.702606926
3454765.702606926
3454765.702606926
3454765.702606926
3454765.702606926
3454765.702606926
3454765.702606926
3454765.702606926
3454765.702606926
3454765.702606926
3454765.702606926
3454765.702606926
3454765.702606926
3454765.702606926
3454765.702606926
3454765.702606926
3454753.080382711
3454752.686857812
3454752.686857812
3454752.686857812
3454752.686857812
3454752.686857812
3454752.686857812
3454752.686857812
3454752.686857812
3454739.6329221195
3454739.6329221195
3454711.7572436724
3454333.290398626
3454000.5394080295
3453960.968668121
3453960.968668121
3453960.968668121
3453714.277779472
3453543.7916669874
3453519.2994869864
3453483.5698266826
3453133.809022429
3452653.391948317
3452462.231493078
3452133.3593284604
3452117.1758251092
3452117.1758251092
3451731.219043846
3451606.2016826333
3451586.838041739
3451418.831832128
3451418.831832128
3450636.5227164463
3450425.720110195
3450307.8270739815
3450279.686087021
3450236.4586145696
3450236.4586145696
3450215.0586502063
3450215.0586502063
3450215.0586502063
3450215.0586502063
3450215.0586502063
3450215.0586502063
3450180.2346587586
3450179.587324266
3450072.9696264267
3450062.335216677
3450061.076593412
3450047.194962684
3450038.1983315144
3450037.978079525
3450017.824279924
3450017.824279924
3450017.824279924
3450017.824279924
3450017.824279924
3450017.824279924
3449722.012295435
3449722.012295435
3449722.012295435
3449542.201856724
3449433.9873116678
3449433.9873116678
3449373.031272281
3449214.7121155895
3449118.5261775954
3449037.3668906274
3448765.408755972
3448765.408755972
3448765.408755972
3448761.0431995173
3448761.0431995173
3448761.0431995173
3448761.0431995173
3448761.0431995173
3448761.0431995173
3448761.0431995173
3448761.0431995173
3448735.343942829
3448595.6738607646
3448357.9682178046
3448079.6274070605
3447982.2471370464
3447976.0645037186
3447542.8894933406
3447538.0531141725
3447538.0531141725
3447538.0531141725
3447538.0531141725
3447538.0531141725
3447168.1763775824
3447168.1763775824
3447168.1763775824
3447168.1763775824
3447168.1763775824
3447168.1763775824
3446901.640017475
3446837.749414239
3446816.22637404
3446816.22637404
3446269.894588163
3446269.894588163
3446269.894588163
3446092.299876955
3446092.299876955
3446054.726046315
3445973.470046466
3445964.9808705337
3445963.3384028384
3445901.045534935
3445901.045534935
3445901.045534935
3445901.045534935
3445889.4712649575
3445870.6561088646
3445870.6561088646
3445785.813123521
3445785.813123521
3445785.813123521
3445785.813123521
3445785.813123521
3445785.813123521
3445785.813123521
3445785.813123521
3445778.5698292004
3445778.5698292004
3445778.5698292004
3445778.5698292004
3445778.5698292004
3445778.5698292004
3445778.5698292004
3445778.5698292004
3445772.7052666834
3445772.7052666834
3445772.7052666834
3445772.7052666834
3445772.7052666834
3445772.7052666834
3445772.7052666834
3445772.7052666834
3445716.067117575
3445710.1126563367
3445710.1126563367
3445710.1126563367
3445710.1126563367
3445710.1126563367
3445674.111695565
3445620.7572473674
3445324.194748072
3445246.805142373
3445246.805142373
3445142.9916121894
3445142.9916121894
3444981.234268381
3444981.234268381
3444981.234268381
3444764.731109353
3444764.731109353
3444764.731109353
3444741.5831251033
3444741.5831251033
3444741.5831251033
3444741.5831251033
3444668.7214608765
3444668.7214608765
3444668.7214608765
3444668.7214608765
3444668.7214608765
3444613.7432315242
3444613.7432315242
3444613.7432315242
3444613.7432315242
3444613.7432315242
3444515.6898188745
3444515.6898188745
3444515.6898188745
3444515.6898188745
3444515.6898188745
3444515.6898188745
3444512.698315184
3444512.698315184
3444497.3910572687
3444497.3910572687
3444497.3910572687
3444497.3910572687
3444497.3910572687
3444497.3910572687
3444497.3910572687
3444497.3910572687
3444497.3910572687
3444421.196276389
3444421.196276389
3444421.196276389
3444421.196276389
3444412.5951266265
3444412.5951266265
3444412.5951266265
3444407.473307042
3444407.473307042
3444392.8396498417
3444365.3021399374
3444365.3021399374
3444365.3021399374
3444365.3021399374
3444365.3021399374
3444365.3021399374
3444365.3021399374
3444365.3021399374
3444365.3021399374
3444365.3021399374
3444365.3021399374
3444365.3021399374
3444365.3021399374
3444365.3021399374
3444347.695604962
3444343.6818997455
3444343.6818997455
3444343.6818997455
3444343.6818997455
3444343.6818997455
3444293.087862115
3444293.087862115
3444293.087862115
3444293.087862115
3444291.7411930785
3444287.8130316874
3444287.8130316874
3444263.7839493547
3444263.7839493547
3444263.7839493547
3444263.7839493547
3444263.7839493547
3444263.7839493547
3444263.7839493547
3444263.7839493547
3444263.7839493547
3444263.7839493547
3444244.366291208
3444244.366291208
3444244.366291208
3444244.366291208
3444244.366291208
3444244.366291208
3444244.366291208
3444244.366291208
3444244.366291208
3444244.366291208
3444202.077174805
3444201.5824262
3444201.5824262
3444201.5824262
3444201.5824262
3444201.5824262
3444201.5824262
3444152.8910552766
3444152.8910552766
3444152.8910552766
3444152.8910552766
3444152.8910552766
3444152.8910552766
3444115.9446737235
3444115.9446737235
3443996.1638835943
3443996.1638835943
3443996.1638835943
3443996.1638835943
3443996.1638835943
3443996.1638835943
3443996.1638835943
3443996.1638835943
3443996.1638835943
3443996.1638835943
3443996.1638835943
3443996.1638835943
3443996.1638835943
3443996.1638835943
3443996.1638835943
3443996.1638835943
3443996.1638835943
3443996.1638835943
3443996.1638835943
3443951.8103120397
3443951.8103120397
3443907.8458971195
3443758.7361021144
3443758.7361021144
3443758.7361021144
3443758.7361021144
3443758.7361021144
3443719.5768750915
3443719.5768750915
3443719.5768750915
3443639.2784049627
3443540.1675676215
3443540.1675676215
3443540.1675676215
3443500.6866265596
3443500.6866265596
3443500.6866265596
3443500.6866265596
3443500.6866265596
3443500.6866265596
3443500.6866265596
3443500.6306377677
3443492.354940557
3443492.354940557
3443492.354940557
3443492.354940557
3443492.354940557
3443492.354940557
3443492.354940557
3443489.808849808
3443489.808849808
3443489.808849808
3443489.808849808
3443433.811545178
3443432.2617639736
3443432.2617639736
3443432.2617639736
3443431.9177624607
3443431.9177624607
3443431.9177624607
3443431.9177624607
3443431.9177624607
3443431.9177624607
3443431.9177624607
3443400.8164708205
3443386.0353443595
3443353.1642843303
3443353.1642843303
3443341.101873779
3443261.358287364
3443261.358287364
3443261.358287364
3443261.358287364
3443261.358287364
3443261.358287364
3443254.931481168
3443254.931481168
3443254.931481168
3443254.931481168
3443227.8570281207
3443227.8570281207
3443227.8570281207
3443227.8570281207
3443227.8570281207
3443227.8570281207
3443227.200745974
3443227.018422391
3443227.018422391
3443227.018422391
3443226.628312548
3443215.025590506
3443215.025590506
3443205.9745385903
3443205.9745385903
3443205.9745385903
3443205.9745385903
3443204.0870708167
3443200.1719391937
3443039.0136841824
3442856.294831251
3442268.3805596856
3442259.3066414027
3442259.3066414027
3442259.3066414027
3442259.3066414027
3442259.3066414027
3442259.3066414027
3442259.3066414027
3442259.3066414027
3442259.3066414027
3442259.3066414027
3442259.3066414027
3442259.3066414027
3442259.3066414027
3442259.3066414027
3442259.3066414027
3442259.3066414027
3442259.3066414027
3442259.3066414027
3442259.3066414027
3442259.3066414027
3442259.3066414027
3442259.3066414027
3442259.3066414027
3442259.3066414027
3442259.3066414027
3442259.3066414027
3442259.3066414027
3442259.3066414027
3442259.3066414027
3442259.3066414027
3442259.3066414027
3442259.3066414027
3442259.3066414027
3442259.3066414027
3442259.3066414027
3442259.3066414027
3442259.3066414027
3442259.3066414027
3442259.3066414027
3442259.3066414027
3442259.3066414027
3442259.3066414027
3442259.3066414027
3442259.3066414027
3442259.3066414027
3442259.3066414027
3442259.3066414027
3442259.3066414027
3442259.3066414027
3442259.3066414027
3442259.3066414027
3442259.3066414027
3442259.3066414027
3442259.3066414027
3442259.3066414027
3442259.3066414027
3442259.3066414027
3442259.3066414027
3442259.3066414027
3442259.3066414027
3442259.3066414027
3442259.3066414027
3442259.3066414027
3442259.3066414027
3442259.3066414027
3442259.3066414027
3442259.3066414027
3442259.3066414027
3442259.3066414027
3442259.3066414027
3442259.3066414027
3442259.3066414027
3442259.3066414027
3442259.3066414027
3442259.3066414027
3442259.3066414027
3442259.3066414027
3442259.3066414027
3442259.3066414027
3442259.3066414027
3442259.3066414027
3442259.3066414027
3442259.3066414027
3442259.3066414027
3442259.3066414027
3442259.3066414027
3442259.3066414027
3442259.3066414027
3442259.3066414027
3442259.3066414027
3442259.3066414027
3442259.3066414027
3442259.3066414027
3442259.3066414027
3442259.3066414027
3442259.3066414027
3442259.3066414027
3442259.3066414027
3442259.3066414027
3442259.3066414027
3442259.3066414027
3442259.3066414027
3442259.3066414027
3442259.3066414027
3442259.3066414027
3442107.346418602
3442107.346418602
3442107.346418602
3442107.346418602
3442107.346418602
3442107.346418602
3442107.346418602
3442107.346418602
3442107.346418602
3442107.346418602
3442107.346418602
3442107.346418602
3442107.346418602
3442107.346418602
3442107.346418602
3442107.346418602
3442107.346418602
3442107.346418602
3442107.346418602
3442107.346418602
3442107.346418602
3442107.346418602
3442107.346418602
3442107.346418602
3442107.346418602
3442107.346418602
3442107.346418602
3442107.346418602
3442107.346418602
3442107.346418602
3442107.346418602
3442107.346418602
3442107.346418602
3442107.346418602
3442107.346418602
3442107.346418602
3442107.346418602
3442107.346418602
3442107.346418602
3442107.346418602
3442107.346418602
3442107.346418602
3442107.346418602
3442107.346418602
3442107.346418602
3442107.346418602
3442107.346418602
3442107.346418602
3442107.346418602
3442031.5255232123
3441670.4779646364
3441613.92070924
3441613.92070924
3441556.348545323
3441556.348545323
3441556.348545323
3441556.348545323
3441556.348545323
3441556.348545323
3441556.348545323
3441556.348545323
3441507.9967076546
3441507.9967076546
3441507.9967076546
3441507.9967076546
3441507.9967076546
3441507.9967076546
3441507.9967076546
3441507.9967076546
3441507.9967076546
3441507.9967076546
3441507.9967076546
3441507.9967076546
3441507.9967076546
3441507.9967076546
3441507.9967076546
3441507.9967076546
3441507.9967076546
3441507.9967076546
3441507.9967076546
3441507.9967076546
3441507.9967076546
3441507.9967076546
3441507.9967076546
3441507.9967076546
3441507.9967076546
3441507.9967076546
3440767.5481545003
3440767.5481545003
3440767.5481545003
3440767.5481545003
3440767.5481545003
3440767.5481545003
3440767.5481545003
3440767.5481545003
3440767.5481545003
3440767.5481545003
3440767.5481545003
3440767.5481545003
3440767.5481545003
3440767.5481545003
3440767.5481545003
3440767.5481545003
3440767.5481545003
3440767.5481545003
3440767.5481545003
3440767.5481545003
3440767.5481545003
3440767.5481545003
3440767.5481545003
3440767.5481545003
3440767.5481545003
3440767.5481545003
3440767.5481545003
3440767.5481545003
3440767.5481545003
3440767.5481545003
3440767.5481545003
3440767.5481545003
3440767.5481545003
3440767.5481545003
3440767.5481545003
3440767.5481545003
3440767.5481545003
3440767.5481545003
3440767.5481545003
3440767.5481545003
3440767.5481545003
3440767.5481545003
3440767.5481545003
3440767.5481545003
3440767.5481545003
3440767.5481545003
3440767.5481545003
3440767.5481545003
3440767.5481545003
3440767.5481545003
3440767.5481545003
3440767.5481545003
3440767.5481545003
3440767.5481545003
3440767.5481545003
3440767.5481545003
3440767.5481545003
3440767.5481545003
3440767.5481545003
3440767.5481545003
3440767.5481545003
3440767.5481545003
3440767.5481545003
3440767.5481545003
3440767.5481545003
3440767.5481545003
3440767.5481545003
3440767.5481545003
3440767.5481545003
3440767.5481545003
3440767.5481545003
3440767.5481545003
3440767.5481545003
3440767.5481545003
3440579.891998231
3440579.891998231
3440579.891998231
3440579.891998231
3440579.891998231
3440579.891998231
3440260.6095331893
3440260.6095331893
3440048.2847070256
3440048.2847070256
3440048.2847070256
3440048.2847070256
3440048.2847070256
3440021.0602875315
3440021.0602875315
3439961.055316703
3439961.055316703
3439961.055316703
3439961.055316703
3439922.849247199
3439922.849247199
3439922.849247199
3439838.6184199536
3439838.6184199536
3439838.6184199536
3439476.7537458157
3439476.7537458157
3439476.7537458157
3439476.7537458157
3439476.7537458157
3439476.7537458157
3439476.7537458157
3439476.7537458157
3439476.7537458157
3439381.9718962507
3439381.9718962507
3439381.9718962507
3439381.9718962507
3439365.8870007433
3439365.8870007433
3439365.8870007433
3439365.8870007433
3439365.8870007433
3439365.8870007433
3439365.8870007433
3439365.8870007433
3439211.651505524
3439211.651505524
3439211.651505524
3439211.651505524
3439211.651505524
3438898.290390657
3438898.290390657
3438898.290390657
3438898.290390657
3438898.290390657
3438898.290390657
3438803.185055985
3438803.185055985
3438746.7937642974
3438746.7937642974
3438584.292572872
3438584.292572872
3438584.292572872
3438584.292572872
3438584.292572872
3438584.292572872
3438584.292572872
3438584.292572872
3438584.292572872
3438584.292572872
3438584.292572872
3438584.292572872
3438584.292572872
3438584.292572872
3438584.292572872
3438584.292572872
3438584.292572872
3438584.292572872
3438584.292572872
3438584.292572872
3438584.292572872
3438584.292572872
3438584.292572872
3438584.292572872
3438584.292572872
3438584.292572872
3438584.292572872
3438481.9048187803
3438481.9048187803
3438481.9048187803
3438481.9048187803
3438481.9048187803
3438481.9048187803
3438481.9048187803
3438481.9048187803
3438481.9048187803
3438481.9048187803
3438481.9048187803
3438481.9048187803
3438481.9048187803
3438481.9048187803
3438481.9048187803
3438481.9048187803
3438481.9048187803
3438481.9048187803
3438481.9048187803
3438481.9048187803
3438481.9048187803
3438481.9048187803
3438481.9048187803
3438481.9048187803
3438481.9048187803
3438481.9048187803
3438481.9048187803
3438364.351687609
3438364.351687609
3438364.351687609
3438124.8820319897
3438124.8820319897
3437710.456994421
3435405.3394019543
3435405.3394019543
3435405.3394019543
3435405.3394019543
3435283.085536002
3435283.085536002
3435283.085536002
3435160.3415616862
3435160.3415616862
3435160.3415616862
3435160.3415616862
3435160.3415616862
3435160.3415616862
3435160.3415616862
3435160.3415616862
3435160.3415616862
3435160.3415616862
3435160.3415616862
3435055.118696538
3435055.118696538
3435055.118696538
3434505.3938829545
3433376.466572337
3433376.466572337
3433376.466572337
3433376.466572337
3433376.466572337
3433376.466572337
3433376.466572337
3433376.466572337
3433376.466572337
3433316.0190260587
3433316.0190260587
3433316.0190260587
3433232.724131538
3433039.8558031414
3432436.203836652
3432436.203836652
3432436.203836652
3431900.7393837026
3431900.7393837026
3431900.7393837026
3431190.020482935
3431153.525648114
3431153.525648114
3431153.525648114
3430965.584915402
3430732.0640248954
3430732.0640248954
3430732.0640248954
3430732.0640248954
3430732.0640248954
3430732.0640248954
3430732.0640248954
3430732.0640248954
3430732.0640248954
3430732.0640248954
3430472.450546718
3430472.450546718
3430472.450546718
3430472.450546718
3430472.450546718
3430472.450546718
3430107.682255187
3430035.7734381976
3428776.336501086
3428776.336501086
3428776.336501086
3428776.336501086
3428776.336501086
3428776.336501086
3428776.336501086
3428776.336501086
3428776.336501086
3428776.336501086
3428776.336501086
3428776.336501086
3428776.336501086
3428776.336501086
3428776.336501086
3428776.336501086
3428776.336501086
3428776.336501086
3428776.336501086
3428776.336501086
3428776.336501086
3428776.336501086
3428776.336501086
3428776.336501086
3428776.336501086
3428776.336501086
3427038.854248198
3427038.854248198
3427038.854248198
3425827.3776648105
3425623.326987925
3425623.326987925
3425623.326987925
3425446.3643252086
3425446.3643252086
3425446.3643252086
3425234.621821175
3425234.621821175
3422747.6325656585
3422747.6325656585
3422747.6325656585
3422747.6325656585
3422747.6325656585
3422747.6325656585
3422747.6325656585
3422747.6325656585
3422747.6325656585
3422747.6325656585
3422747.6325656585
3422747.6325656585
3422747.6325656585
3422747.6325656585
3422747.6325656585
3422747.6325656585
3422747.6325656585
3422747.6325656585
3422747.6325656585
3422747.6325656585
3422747.6325656585
3422747.6325656585
3422747.6325656585
3422747.6325656585
3422747.6325656585
3422747.6325656585
3422747.6325656585
3422747.6325656585
3422747.6325656585
3422747.6325656585
3422747.6325656585
3422747.6325656585
3422747.6325656585
3422747.6325656585
3422747.6325656585
3422747.6325656585
3421467.960726982
3421467.960726982
3421467.960726982
3421467.960726982
3421169.395537378
3420674.8218370853
3420507.207421845
3420507.207421845
3420507.207421845
3420012.91005358
3420012.91005358
3420012.91005358
3420012.91005358
3420012.91005358
3419750.2087230985
3419750.2087230985
3419750.2087230985
3419750.2087230985
3419750.2087230985
3419724.324680613
3418696.6353222416
3418696.6353222416
3418696.6353222416
3418696.6353222416
3418696.6353222416
3418696.6353222416
3418696.6353222416
3418696.6353222416
3417736.41045485
3417736.41045485
3417736.41045485
3417612.480959634
3417612.480959634
3416673.6073174016
3416673.6073174016
3416673.6073174016
3416673.6073174016
3416673.6073174016
3416673.6073174016
3416673.6073174016
3416673.6073174016
3416673.6073174016
3416673.6073174016
3416475.608196024
3416475.608196024
3415128.457765803
3415128.457765803
3415128.457765803
3415128.457765803
3415128.457765803
3415128.457765803
3414072.4272080045
3414072.4272080045
3414072.4272080045
3413496.921946046
3413496.921946046
3413496.921946046
3413119.120452097
3411940.0348616624
3411940.0348616624
3411833.6619936866
3411696.6988492617
3411696.6988492617
3411696.6988492617
3411696.6988492617
3411696.6988492617
3411661.706039721
3411661.706039721
3411661.706039721
3411083.121296937
3411083.121296937
3411083.121296937
3410104.2965207906
3410104.2965207906
3410104.2965207906
3410104.2965207906
3410104.2965207906
3410104.2965207906
3410104.2965207906
3410104.2965207906
3410104.2965207906
3410104.2965207906
3410104.2965207906
3410104.2965207906
3410104.2965207906
3410104.2965207906
3410104.2965207906
3410104.2965207906
3410104.2965207906
3410104.2965207906
3410104.2965207906
3410104.2965207906
3410104.2965207906
3410104.2965207906
3410104.2965207906
3410104.2965207906
3410104.2965207906
3410104.2965207906
3410104.2965207906
3410077.9192961245
3409452.926121912
3409452.926121912
3409452.926121912
3409430.923483926
3408502.5755933765
3408502.5755933765
3408188.8816841426
3408188.8816841426
3408117.1455546976
3408117.1455546976
3408117.1455546976
3408117.1455546976
3408117.1455546976
3408117.1455546976
3408117.1455546976
3408117.1455546976
3407976.6776054376
3407976.6776054376
3407976.6776054376
3407976.6776054376
3407951.1314257504
3407951.1314257504
3407951.1314257504
3407951.1314257504
3407951.1314257504
3407951.1314257504
3407951.1314257504
3407951.1314257504
3407951.1314257504
3407951.1314257504
3407951.1314257504
3407951.1314257504
3407951.1314257504
3407951.1314257504
3407951.1314257504
3407951.1314257504
3407951.1314257504
3407951.1314257504
3407951.1314257504
3407951.1314257504
3407951.1314257504
3407951.1314257504
3407951.1314257504
3407951.1314257504
3407951.1314257504
3407951.1314257504
3407951.1314257504
3407951.1314257504
3407951.1314257504
3407951.1314257504
3407951.1314257504
3407951.1314257504
3407951.1314257504
3407951.1314257504
3407951.1314257504
3407951.1314257504
3407951.1314257504
3407951.1314257504
3407951.1314257504
3407951.1314257504
3407951.1314257504
3407820.516066195
3407820.516066195
3407369.853451202
3407369.853451202
3407369.853451202
3407369.853451202
3407369.853451202
3407369.853451202
3407369.853451202
3407369.853451202
3407369.853451202
3407014.067199053
3406577.0888233325
3406295.119783855
3405791.0145243607
3405078.454281497
3405078.454281497
3405078.454281497
3405078.454281497
3405019.7618018147
3405019.7618018147
3404413.5465558497
3404413.5465558497
3404413.5465558497
3403910.3110299716
3403910.3110299716
3403910.3110299716
3403910.3110299716
3403910.3110299716
3403853.7270591687
3403853.7270591687
3403853.1542313383
3403853.1542313383
3403853.1542313383
3403853.1542313383
3403853.1542313383
3403722.525914379
3403722.525914379
3403722.525914379
3403722.525914379
3403722.525914379
3403722.525914379
3403722.525914379
3403722.525914379
3403722.525914379
3403722.525914379
3403722.525914379
3403722.525914379
3403684.635245771
3403684.635245771
3403684.635245771
3403684.635245771
3403684.635245771
3403684.635245771
3403684.635245771
3403665.372238122
3403665.372238122
3403635.0787185947
3403635.0787185947
3403575.195205653
3403575.195205653
3403575.195205653
3403575.195205653
3403575.195205653
3403575.195205653
3403571.464536028
3403570.7099846653
3403568.1872273237
3403568.158583338
3403568.158583338
3403566.2209248072
3403566.2209248072
3403566.2209248072
3403566.2209248072
3403566.2209248072
3403560.4741560016
3403557.7458493747
3403557.7458493747
3403557.7458493747
3403549.5941675864
3403549.5941675864
3403524.3684717566
3403523.578120019
3403523.578120019
3403523.578120019
3403523.578120019
3403523.578120019
3403523.578120019
3403523.578120019
3403519.0492736115
3403519.0492736115
3403519.0492736115
3403519.0492736115
3403519.0492736115
3403519.0492736115
3403519.0492736115
3403519.0492736115
3403519.0492736115
3403519.0492736115
3403519.0492736115
3403519.0492736115
3403519.0492736115
3403519.0492736115
3403519.0492736115
3403519.0492736115
3403519.0492736115
3403519.0492736115
3403519.0492736115
3403519.0492736115
3403519.0492736115
3403519.0492736115
3403519.0492736115
3403519.0492736115
3403519.0492736115
3403519.0492736115
3403519.0492736115
3403519.0492736115
3403519.0492736115
3403519.0492736115
3403519.0492736115
3403519.0492736115
3403519.0492736115
3403519.0492736115
3403519.0492736115
3403519.0492736115
3403519.0492736115
3403519.0492736115
3403519.0492736115
3403519.0492736115
3403519.0492736115
3403519.0492736115
3403519.0492736115
3403519.0492736115
3403519.0492736115
3403519.0492736115
3403519.0492736115
3403519.0492736115
3403519.0492736115
3403519.0492736115
3403519.0492736115
3403519.0492736115
3403519.0492736115
3403519.0492736115
3403519.0492736115
3403519.0492736115
3403519.0492736115
3403519.0492736115
3403519.0492736115
3403519.0492736115
3403519.0492736115
3403519.0492736115
3403519.0492736115
3403519.0492736115
3403519.0492736115
3403519.0492736115
3403519.0492736115
3403519.0492736115
3403519.0492736115
3403519.0492736115
3403519.0492736115
3403519.0492736115
3403519.0492736115
3403519.0492736115
3403519.0492736115
3403519.0492736115
3403519.0492736115
3403519.0492736115
3403510.5709538935
3403510.5709538935
3403510.5709538935
3403510.5709538935
3403432.6166878347
3403155.4851852297
3403155.4851852297
3403155.4851852297
3403155.4851852297
3403155.4851852297
3403155.4851852297
3403155.4851852297
3403155.4851852297
3402173.662239621
3401759.8334353855
3401759.8334353855
3401759.8334353855
3401759.8334353855
3401759.8334353855
3401759.8334353855
3401759.8334353855
3401759.8334353855
3401759.8334353855
3401759.8334353855
3401759.8334353855
3401759.8334353855
3401759.8334353855
3401759.8334353855
3401759.8334353855
3401759.8334353855
3401759.8334353855
3401759.8334353855
3401759.8334353855
3401759.8334353855
3401759.8334353855
3401759.8334353855
3401759.8334353855
3401759.8334353855
3401759.8334353855
3401759.8334353855
3401759.8334353855
3401759.8334353855
3401759.8334353855
3401405.508901457
3401405.508901457
3401405.508901457
3401405.508901457
3401376.8352499097
3401376.8352499097
3401249.3714985643
3401249.3714985643
3401249.3714985643
3401249.3714985643
3401217.767440356
3401217.767440356
3401217.767440356
3401217.767440356
3401172.334476788
3401095.883390933
3401095.883390933
3401095.883390933
3401095.883390933
3401058.6064943736
3401012.5819815965
3401012.5819815965
3401012.5819815965
3401012.5819815965
3401012.5819815965
3401006.483007746
3401006.483007746
3401006.483007746
3401006.483007746
3401006.483007746
3401006.483007746
3400869.6230466296
3400869.6230466296
3400869.6230466296
3400869.6230466296
3400863.198478467
3400863.198478467
3400863.198478467
3400863.198478467
3400863.198478467
3400863.198478467
3400863.198478467
3400863.198478467
3400863.198478467
3400863.198478467
3400863.198478467
3400863.198478467
3400642.8709607
3400642.8709607
3400642.8709607
3400642.8709607
3400642.8709607
3400642.8709607
3400642.8709607
3400642.8709607
3400642.8709607
3400642.8709607
3400642.8709607
3400642.8709607
3400642.8709607
3400642.8709607
3400642.8709607
3400642.8709607
3400642.8709607
3400642.8709607
3400642.8709607
3400642.8709607
3400642.8709607
3400642.8709607
3400642.8709607
3400642.8709607
3400642.8709607
3400642.8709607
3400642.8709607
3400642.8709607
3400642.8709607
3400642.8709607
3400642.8709607
3400642.8709607
3400642.8709607
3400642.8709607
3400642.8709607
3400642.8709607
3400642.8709607
3400642.8709607
3400642.8709607
3400642.8709607
3400642.8709607
3400642.8709607
3400642.8709607
3400642.8709607
3400642.8709607
3400642.8709607
3400642.8709607
3400642.8709607
3400642.8709607
3400642.8709607
3400642.8709607
3400642.8709607
3400642.8709607
3400642.8709607
3400642.8709607
3400642.8709607
3400642.8709607
3400642.8709607
3400642.8709607
3400642.8709607
3400642.8709607
3400642.8709607
3400642.8709607
3400553.303078037
3400553.303078037
3400553.303078037
3400553.303078037
3400553.303078037
3400502.8058106075
3400502.8058106075
3400502.8058106075
3400502.8058106075
3400446.833994349
3400446.833994349
3400446.833994349
3400446.833994349
3400145.9032729557
3399615.792012161
3399615.792012161
3399615.792012161
3399615.792012161
3399615.792012161
3399615.792012161
3399615.792012161
3399615.792012161
3399269.879584802
3399269.879584802
3399269.879584802
3399269.879584802
3399269.879584802
3399269.879584802
3399269.879584802
3399269.879584802
3399269.879584802
3399269.879584802
3399269.879584802
3399269.879584802
3399269.879584802
3399269.879584802
3399269.879584802
3399269.879584802
3399269.879584802
3399269.879584802
3399269.879584802
3399245.7605762337
3399245.7605762337
3399245.7605762337
3399245.7605762337
3399245.7605762337
3399245.7605762337
3399245.7605762337
3399245.7605762337
3399245.7605762337
3399054.0236051804
3399054.0236051804
3399054.0236051804
3399054.0236051804
3399054.0236051804
3398841.5327092656
3398685.842790779
3398685.842790779
3398685.842790779
3398305.703675431
3398305.703675431
3398305.703675431
3398305.703675431
3398305.703675431
3398305.703675431
3398204.1979388865
3398204.1979388865
3398204.1979388865
3398204.1979388865
3398204.1979388865
3398204.1979388865
3398204.1979388865
3398204.1979388865
3398204.1979388865
3398204.1979388865
3398204.1979388865
3398204.1979388865
3398204.1979388865
3398204.1979388865
3398204.1979388865
3398204.1979388865
3398204.1979388865
3398204.1979388865
3398204.1979388865
3398204.1979388865
3398173.908680644
3398173.908680644
3398173.908680644
3398173.908680644
3398173.908680644
3398173.908680644
3398173.908680644
3398173.908680644
3398173.908680644
3398173.908680644
3398173.908680644
3398173.908680644
3398173.908680644
3398173.908680644
3398173.908680644
3398173.908680644
3398173.908680644
3398173.908680644
3398173.908680644
3398173.908680644
3398173.908680644
3398173.908680644
3398173.908680644
3398173.908680644
3398173.908680644
3398173.908680644
3398173.908680644
3398173.908680644
3398173.908680644
3398173.908680644
3398173.908680644
3398173.908680644
3398173.908680644
3398173.908680644
3398173.908680644
3398173.908680644
3398058.7055229316
3398058.7055229316
3398007.1068880777
3397919.63190499
3397897.3755878275
3397897.3755878275
3397897.3755878275
3397889.4289181046
3397889.4289181046
3397812.1401604367
3397812.1401604367
3397715.884709492
3397715.884709492
3397626.7577219936
3397626.7577219936
3397626.7577219936
3397578.6961436733
3397578.6961436733
3397578.6961436733
3397578.6961436733
3397578.6961436733
3397578.6961436733
3397578.6961436733
3397374.501522396
3397374.501522396
3397374.501522396
3397374.501522396
3397374.501522396
3397374.501522396
3397374.501522396
3397374.501522396
3397374.501522396
3397374.501522396
3397374.501522396
3396950.025272384
3396950.025272384
3396919.1720714676
3396919.1720714676
3396919.1720714676
3396829.5484462623
3396735.8111146097
3396735.8111146097
3396735.8111146097
3396681.9698157012
3396681.9698157012
3396681.9698157012
3396681.9698157012
3396681.9698157012
3396673.7113866108
3396671.724873907
3396671.724873907
3396671.724873907
3396641.0216856357
3396573.9977312237
3396509.2611299613
3396343.8194549256
3396343.8194549256
3396343.8194549256
3396343.8194549256
3396343.8194549256
3396343.8194549256
3396343.8194549256
3396167.7452340093
3395872.71339173
3395872.71339173
3395872.71339173
3395872.71339173
3395872.71339173
3395774.996429582
3395589.876212721
3395589.876212721
3395589.876212721
3395368.7831851426
3394645.1219873317
3394645.1219873317
3394645.1219873317
3394645.1219873317
3394645.1219873317
3394645.1219873317
3394645.1219873317
3394645.1219873317
3394605.535925419
3394605.535925419
3394605.535925419
3394605.535925419
3394477.590218496
3394415.7347633434
3394415.7347633434
3394415.7347633434
3394331.416270739
3394331.416270739
3394314.789975581
3394297.8606734653
3394297.8606734653
3394292.3347118194
3394267.942630124
3394252.389621607
3394252.389621607
3394252.389621607
3394196.488150889
3394196.488150889
3394194.1229109806
3394194.1229109806
3394194.1229109806
3394194.1229109806
3394194.1229109806
3394194.1229109806
3394194.1229109806
3394016.9002674897
3393799.0422091302
3393799.0422091302
3393799.0422091302
3393472.2269952344
3393298.7689683745
3393073.0123764444
3392924.278734542
3392924.278734542
3392924.278734542
3392924.278734542
3392844.851611249
3392613.6738397134
3392546.3713322408
3392337.7404221194
3392337.7404221194
3392337.7404221194
3392337.7404221194
3392337.7404221194
3392167.6694557797
3392127.566940581
3392127.566940581
3392127.566940581
3391841.8203226365
3391585.745613925
3391585.745613925
3391358.233209418
3391358.233209418
3391358.233209418
3391358.233209418
3391358.233209418
3391358.233209418
3391358.233209418
3391358.233209418
3390485.6018322837
3390410.488238872
3390105.347684242
3390105.347684242
3390105.347684242
3390105.347684242
3390105.347684242
3390082.810143238
3390082.810143238
3390082.810143238
3390056.8388083065
3389778.3070901157
3389778.3070901157
3389568.9099962804
3389568.9099962804
3389568.9099962804
3389568.9099962804
3389568.9099962804
3389568.9099962804
3389352.160435095
3389352.160435095
3389352.160435095
3389352.160435095
3389352.160435095
3389352.160435095
3389009.25862021
3388956.2852396388
3388770.037832413
3388770.037832413
3388770.037832413
3388770.037832413
3388513.795598659
3388513.795598659
3388513.795598659
3388513.795598659
3388513.795598659
3388513.795598659
3388513.795598659
3388513.795598659
3388513.795598659
3388513.795598659
3388513.795598659
3388513.795598659
3388513.795598659
3388447.650306765
3388447.650306765
3388447.650306765
3388214.4429796925
3388214.4429796925
3387820.5815176712
3387820.5815176712
3387820.5815176712
3387820.5815176712
3387747.3293968886
3387698.0971237584
3387698.0971237584
3387657.3379648733
3387549.823842687
3387549.823842687
3387549.823842687
3387549.823842687
3387549.823842687
3387549.823842687
3387380.215236367
3387380.215236367
3387380.215236367
3387380.215236367
3387380.215236367
3387380.215236367
3387380.215236367
3387380.215236367
3387380.215236367
3387380.215236367
3387380.215236367
3387380.215236367
3387380.215236367
3387168.4136823067
3387080.2287345715
3387080.2287345715
3387080.2287345715
3387080.2287345715
3387080.2287345715
3387080.2287345715
3387080.2287345715
3387080.2287345715
3387080.2287345715
3387080.2287345715
3387080.2287345715
3387080.2287345715
3387080.2287345715
3387080.2287345715
3387080.2287345715
3387029.1575195445
3387029.1575195445
3387029.1575195445
3387029.1575195445
3387029.1575195445
3387029.1575195445
3387029.1575195445
3387029.1575195445
3386923.9426484415
3386923.9426484415
3386923.9426484415
3386923.9426484415
3386923.9426484415
3386869.0884858365
3386869.0884858365
3386869.0884858365
3386869.0884858365
3386856.64174887
3386856.64174887
3386831.741121986
3386831.741121986
3386831.741121986
3386828.628010823
3386828.628010823
3386734.5528736943
3386734.5528736943
3386734.5528736943
3386522.1954152184
3386522.1954152184
3386522.1954152184
3386522.1954152184
3386522.1954152184
3386482.879241274
3386482.879241274
3385933.0690520327
3385933.0690520327
3385512.061693005
3385512.061693005
3385512.061693005
3385512.061693005
3385512.061693005
3385512.061693005
3385512.061693005
3385483.3391748266
3385438.4032910415
3385438.4032910415
3385438.4032910415
3385180.4494572747
3385180.4494572747
3385180.4494572747
3384848.3984817397
3384848.3984817397
3384695.857639412
3384695.857639412
3384577.3637603987
3384554.32382627
3384399.1934155673
3384399.1934155673
3384366.0031692735
3384366.0031692735
3384366.0031692735
3384366.0031692735
3384366.0031692735
3384333.680438552
3384294.294175157
3384242.065895812
3384162.1241218564
3383889.1094864774
3383807.320300857
3382781.2231921605
3382781.2231921605
3382734.8628149666
3382734.8628149666
3382283.788124204
3382283.788124204
3382283.788124204
3380838.056261694
3380838.056261694
3380838.056261694
3380838.056261694
3380838.056261694
3380838.056261694
3380838.056261694
3380838.056261694
3380838.056261694
3380838.056261694
3380838.056261694
3380838.056261694
3380838.056261694
3380838.056261694
3380838.056261694
3380838.056261694
3380539.4398973286
3380539.4398973286
3380539.4398973286
3380539.4398973286
3380539.4398973286
3380539.4398973286
3380520.7360820803
3380499.615501386
3380499.615501386
3380468.7096280833
3380367.8731376315
3380367.8731376315
3380367.8731376315
3380367.8731376315
3380367.8731376315
3380311.603198529
3380311.603198529
3380311.603198529
3380311.603198529
3380311.603198529
3380311.603198529
3380311.603198529
3380311.603198529
3380311.603198529
3380311.603198529
3380311.603198529
3380311.603198529
3380311.603198529
3380233.965478987
3380233.965478987
3380161.4055861165
3380161.4055861165
3380057.394271528
3379673.375076073
3379673.375076073
3379608.9898269367
3379482.4813419837
3379482.4813419837
3379482.4813419837
3379482.4813419837
3379430.005794717
3379397.528862871
3379367.721496208
3379228.9348411364
3379203.3564345455
3379203.3564345455
3379188.2024359494
3379188.2024359494
3378974.6137332106
3378845.1715744133
3378845.1715744133
3378845.1715744133
3378845.1715744133
3378845.1715744133
3378845.1715744133
3378845.1715744133
3378845.1715744133
3378845.1715744133
3378845.1715744133
3378845.1715744133
3378845.1715744133
3378845.1715744133
3378845.1715744133
3378511.979125138
3378511.979125138
3378511.979125138
3378332.314007472
3378316.7259895806
3378066.7441320447
3377976.0293694697
3377594.9962747544
3377364.379995784
3377364.379995784
3377364.379995784
3377329.264593216
3377329.264593216
3377289.978390428
3377289.978390428
3377289.978390428
3377289.978390428
3377289.978390428
3377289.978390428
3377289.978390428
3377289.978390428
3377289.978390428
3377289.978390428
3377289.978390428
3377289.978390428
3377289.978390428
3377289.978390428
3377246.8160472307
3377246.8160472307
3377237.7016535164
3377237.7016535164
3376951.5457455763
3376951.5457455763
3376809.7203142284
3376809.7203142284
3376809.7203142284
3376809.7203142284
3376619.5858927695
3376619.5858927695
3376616.895543304
3376616.895543304
3376616.895543304
3376571.68522662
3376571.68522662
3376506.2209554836
3376506.2209554836
3376506.2209554836
3376506.2209554836
3376506.2209554836
3376506.2209554836
3376506.2209554836
3376506.2209554836
3376506.2209554836
3376506.2209554836
3376447.209268087
3376447.209268087
3376411.6177830794
3376411.6177830794
3376411.6177830794
3376411.6177830794
3376411.6177830794
3376411.6177830794
3376411.6177830794
3376408.0463384925
3376408.0463384925
3376393.372998939
3376393.372998939
3376392.4273410006
3376392.4273410006
3376392.4273410006
3376385.4190049833
3376376.8119159522
3376295.124099785
3376276.3130263165
3376252.0385298734
3376171.0075224573
3376171.0075224573
3376171.0075224573
3376171.0075224573
3376169.8052285095
3376167.8581154956
3376167.8581154956
3376103.378828454
3376103.378828454
3376074.328380483
3376074.1257351055
3376074.1257351055
3376074.1257351055
3376073.8711322593
3376073.833856214
3376030.524539758
3376030.524539758
3376030.524539758
3376028.28793305
3376028.28793305
3376028.28793305
3376027.2871618182
3376027.2871618182
3376027.2871618182
3376027.2871618182
3376027.2871618182
3376027.2871618182
3376027.2871618182
3376015.278899276
3376000.659173732
3375990.2357766293
3375990.2357766293
3375990.2357766293
3375990.2357766293
3375990.2357766293
3375970.6815860868
3375970.6815860868
3375970.6815860868
3375949.616153518
3375924.214168153
3375924.214168153
3375924.214168153
3375924.214168153
3375917.6376618473
3375917.6376618473
3375914.376573126
3375914.0583387744
3375906.302608195
3375873.102356172
3375873.102356172
3375873.102356172
3375782.512803582
3375782.512803582
3375782.485645497
3375782.485645497
3375782.485645497
3375404.8878829186
3375404.8295024023
3375392.6881443714
3375392.6881443714
3375346.268746378
3375346.268746378
3375346.268746378
3375322.8288320485
3375303.3196715806
3375303.3196715806
3375278.7071680427
3375278.7071680427
3375278.7071680427
3375278.7071680427
3375278.7071680427
3375278.7071680427
3375278.7071680427
3375234.299396788
3375234.299396788
3375234.299396788
3375234.299396788
3375230.8426502035
3375230.8426502035
3375230.8426502035
3375230.8426502035
3375230.8426502035
3375175.297362483
3375175.297362483
3375175.297362483
3375175.297362483
3375175.297362483
3375175.297362483
3375175.297362483
3375175.297362483
3375175.297362483
3375175.297362483
3375175.297362483
3375175.297362483
3375051.817528382
3375051.817528382
3375050.395746759
3375050.395746759
3375050.395746759
3375050.395746759
3375050.395746759
3375050.395746759
3375050.395746759
3375050.395746759
3374955.471926989
3374955.471926989
3374955.471926989
3374955.471926989
3374955.471926989
3374482.4675010815
3374482.4675010815
3374439.5717515093
3374431.0742850048
3374230.3450571196
3374230.3450571196
3374230.3450571196
3374230.3450571196
3374143.7272387156
3374143.7272387156
3374143.7272387156
3374143.7272387156
3374143.7272387156
3374143.7272387156
3374143.7272387156
3374142.0653070426
3374142.0653070426
3374142.0653070426
3374142.0653070426
3374142.0653070426
3374121.87878946
3374083.530468644
3374050.1263826685
3374050.1263826685
3374043.0498703816
3373924.1485178843
3373924.1485178843
3373922.355975187
3373849.309206855
3373849.309206855
3373849.309206855
3373849.309206855
3373849.309206855
3373838.8856495055
3373838.8856495055
3373838.8856495055
3373828.795572552
3373730.6161313686
3373498.893225519
3373422.07546886
3373253.834023869
3373253.834023869
3373253.834023869
3373253.834023869
3373253.834023869
3373113.7475494496
3373079.523419994
3372991.8869754933
3372991.8869754933
3372991.8869754933
3372991.8869754933
3372991.8869754933
3372991.8869754933
3372991.8869754933
3372991.8869754933
3372964.4636622593
3372964.4636622593
3372964.4636622593
3372964.4636622593
3372964.4636622593
3372964.4636622593
3372964.4636622593
3372871.6889460096
3372871.6889460096
3372861.330497253
3372733.248098405
3372730.0951348245
3372592.833999718
3372592.833999718
3372568.1659685518
3372548.628993872
3372509.2810225235
3372509.2810225235
3372509.2810225235
3372509.2810225235
3372443.3747805115
3372443.3747805115
3372443.3747805115
3372443.3747805115
3372443.3747805115
3372443.3747805115
3372443.3747805115
3372443.3747805115
3372380.8133915034
3372380.8133915034
3372380.8133915034
3372380.8133915034
3372380.8133915034
3372380.8133915034
3372152.1605436914
3372152.1605436914
3371992.247182373
3371991.845796757
3371991.845796757
3371991.845796757
3371991.845796757
3371991.845796757
3371991.845796757
3371991.845796757
3371991.8313740627
3371991.8313740627
3371991.8167835893
3371991.8167835893
3371991.8124328204
3371991.8124328204
3371991.8124328204
3371991.8100961107
3371991.806987856
3371991.805817894
3371991.805817894
3371915.745234065
3371915.740613785
3371915.740613785
3371915.740613785
3371915.740613785
3371915.7390667363
3371915.7390667363
3371915.7390667363
3371915.7390667363
3371915.7390667363
3371915.7390667363
3371915.7390667363
3371915.7388348556
3371915.7388348556
3371909.183581041
3371909.183581041
3371909.179795455
3371909.179795455
3371909.175072132
3371909.175072132
3371817.379515705
3371817.379515705
3371726.018772146
3371726.018772146
3371432.184706858
3371428.6641494213
3371427.8693430414
3371388.252288308
3371388.252288308
3371388.252288308
3371371.4715816476
3371371.4715816476
3371225.235268296
3371137.3068619114
3371137.3068619114
3371137.3068619114
3371103.1405692017
3371058.0109287514
3371058.0109287514
3371046.418060466
3371037.9964757673
3371037.9964757673
3371037.9964757673
3371032.6427425086
3371032.6427425086
3371025.918141981
3371025.918141981
3370944.7554963976
3370944.7554963976
3370944.7554963976
3370944.7554963976
3370944.7554963976
3370944.7554963976
3370944.7554963976
3370944.7554963976
3370944.7554963976
3370809.310321516
3370809.310321516
3370809.310321516
3370692.3839190984
3370692.3839190984
3370675.916777058
3370675.916777058
3370675.916777058
3370675.916777058
3370675.916777058
3370576.792588661
3370576.792588661
3370576.792588661
3370576.792588661
3370576.792588661
3370576.792588661
3370576.792588661
3370576.792588661
3370576.792588661
3370508.2532930593
3370508.2532930593
3370441.0526996334
3370432.9479036094
3370413.6323006796
3370402.822669239
3370381.0409348593
3370369.195871426
3370369.195871426
3370350.631529991
3370350.631529991
3370348.448725702
3370346.110934374
3370346.110934374
3370343.4166953973
3370340.524702288
3370340.524702288
3370340.524702288
3370340.524702288
3370340.524702288
3370340.524702288
3370340.524702288
3370340.524702288
3370340.524702288
3370340.524702288
3370340.524702288
3370339.916866033
3370338.748265697
3370338.748265697
3370337.4499455374
3370336.139527701
3370336.139527701
3370317.269883059
3370317.269883059
3370312.6568250465
3370312.6568250465
3370312.6568250465
3370256.705051834
3370240.8564957655
3370236.858608108
3370236.0523780524
3370236.0523780524
3370225.92479823
3370215.288793344
3370215.288793344
3370212.2168186777
3370208.6686136727
3370208.6686136727
3370144.2441029246
3370144.2441029246
3370144.2441029246
3370138.5740916645
3370138.5740916645
3370137.1775882514
3370137.1775882514
3370137.1775882514
3370137.1775882514
3370101.2814479615
3370077.965801088
3370077.965801088
3370077.965801088
3370077.965801088
3370007.7120407913
3369946.0978378546
3369946.0978378546
3369946.0978378546
3369946.0978378546
3369575.907857951
3369575.907857951
3369575.907857951
3369575.907857951
3369571.3578640576
3369571.3578640576
3369571.3578640576
3369571.3578640576
3369571.3578640576
3369571.3578640576
3369571.3578640576
3369571.3578640576
3369571.3578640576
3369571.3578640576
3369571.3578640576
3369499.1804055856
3369439.232325633
3369439.232325633
3369439.232325633
3369381.4923020294
3369357.824644056
3369357.824644056
3369337.514573315
3369337.514573315
3369337.514573315
3369337.514573315
3369337.511995664
3369337.511995664
3369337.511995664
3369337.511995664
3369337.511995664
3369337.511995664
3369267.8979638987
3369216.983635781
3369208.450275623
3369208.450275623
3369208.1870120955
3369207.7040282786
3369207.7040282786
3369207.402095908
3369198.2205859944
3369188.102188248
3369188.102188248
3369188.102188248
3369179.624776588
3369179.624776588
3369171.1292461026
3369147.351043813
3369146.729015452
3369134.0462318533
3369134.0462318533
3369124.727304329
3369113.7683027964
3369113.7683027964
3369113.7683027964
3369113.7683027964
3369113.7683027964
3369113.7683027964
3369032.610000466
3369014.9738705535
3369014.9738705535
3368978.164748061
3368978.164748061
3368978.164748061
3368978.164748061
3368935.0062993406
3368935.0062993406
3368935.0062993406
3368935.0062993406
3368935.0062993406
3368935.0062993406
3368935.0062993406
3368935.0062993406
3368935.0062993406
3368935.0062993406
3368935.0062993406
3368935.0062993406
3368935.0062993406
3368935.0062993406
3368935.0062993406
3368935.0062993406
3368935.0062993406
3368935.0062993406
3368907.653165326
3368894.523132576
3368878.9128287276
3368878.9128287276
3368878.9128287276
3368878.9128287276
3368877.8350632666
3368870.6446851715
3368870.6446851715
3368863.5309862853
3368863.5309862853
3368863.5309862853
3368863.5309862853
3368852.757774207
3368852.757774207
3368852.757774207
3368848.335035928
3368848.335035928
3368832.133192594
3368832.133192594
3368832.0241292594
3368832.0241292594
3368827.924913547
3368816.6635133014
3368805.8614259968
3368805.8614259968
3368799.0399447125
3368793.5542875375
3368793.5542875375
3368787.6486549154
3368757.872790671
3368681.578375577
3368665.4116889434
3368665.4116889434
3368661.701840839
3368658.97665476
3368658.2606679453
3368658.2606679453
3368657.551192184
3368656.885024074
3368656.885024074
3368656.2654848043
3368656.2654848043
3368655.828028416
3368655.828028416
3368655.828028416
3368655.828028416
3368655.715481135
3368655.715481135
3368655.715481135
3368655.715481135
3368655.715481135
3368655.715481135
3368655.7019644193
3368655.6889080307
3368655.6889080307
3368654.4443704127
3368650.171655459
3368650.171655459
3368641.325165553
3368626.575473652
3368626.575473652
3368626.575473652
3368626.575473652
3368626.5730919885
3368626.5730919885
3368626.5730919885
3368626.5730919885
3368626.5730919885
3368626.5730919885
3368626.5730919885
3368626.5730919885
3368626.5730919885
3368626.5730919885
3368623.6805417854
3368621.0062247044
3368619.1122799288
3368619.1122799288
3368617.472932881
3368617.472932881
3368616.753195372
3368616.143328136
3368616.143328136
3368615.964796077
3368615.856458376
3368615.2636068496
3368613.8388952073
3368613.8388952073
3368613.330405798
3368613.330405798
3368612.298641219
3368612.298641219
3368612.298641219
3368608.537853636
3368608.4294156986
3368608.4294156986
3368607.4447964258
3368604.9464448015
3368604.25383963
3368604.178750213
3368592.1149183954
3368592.1149183954
3368588.4151081895
3368588.4151081895
3368587.953818828
3368583.3870127085
3368578.7644957984
3368578.0670537115
3368578.0670537115
3368578.0670537115
3368575.1223148233
3368574.7784476336
3368574.7784476336
3368574.7784476336
3368573.9650092865
3368573.9650092865
3368573.9650092865
3368573.9650092865
3368573.9650092865
3368573.8985723034
3368573.8985723034
3368573.8985723034
3368573.8682076856
3368573.8682076856
3368573.857176152
3368573.8535077134
3368573.8535077134
3368573.8535077134
3368573.8535077134
3368573.853295688
3368573.853295688
3368573.853295688
3368573.853295688
3368573.853295688
3368573.853295688
3368573.058580296
3368572.969956663
3368572.733376384
3368572.733376384
3368572.733376384
3368572.1152128465
3368572.1152128465
3368572.099130894
3368572.099130894
3368572.099130894
3368571.786013748
3368571.786013748
3368571.786013748
3368571.6963640647
3368571.6963640647
3368571.6778483917
3368571.6778483917
3368571.665074636
3368571.665074636
3368571.665074636
3368571.663870657
3368571.6631033598
3368571.6631033598
3368571.577863498
3368571.5614667158
3368571.5614667158
3368571.5550249894
3368571.5550249894
3368571.5550249894
3368571.5519038774
3368570.5818973975
3368570.5818973975
3368570.5552489907
3368570.532958516
3368567.335070353
3368567.177652006
3368567.177652006
3368560.1898350343
3368558.760097743
3368518.813372055
3368518.813372055
3368419.272124479
3368414.1371788164
3368331.307518291
3368323.7461832124
3368323.7283242797
3368317.2832170837
3368317.2832170837
3368317.086224216
3368294.3463016334
3368293.643527102
3368293.643527102
3368286.808777923
3368286.3848281703
3368277.3377625155
3368205.6509119817
3368205.6509119817
3368168.530590998
3368168.530590998
3368166.981345501
3368156.8486814457
3368156.8486814457
3368144.2285022996
3368138.73978586
3368016.210309888
3367900.0303493203
3367873.6707967855
3367873.6707967855
3367844.736538547
3367841.514829996
3367835.6115839737
3367821.3162316107
3367205.77233758
3367183.337078074
3367171.1372173973
3367171.1372173973
3367170.289562252
3367131.675238166
3367112.681595912
3367071.1291459342
3367055.29898307
3367039.024879163
3367001.515161004
3366982.6888811532
3366965.031259152
3366778.892047186
3366778.892047186
3366730.832086883
3366721.3659982015
3366717.7371423333
3366712.1450547013
3366711.592685715
3366705.5658488455
3366692.3673145426
3366669.3148091403
3366667.190907695
3366665.351931191
3366540.876771015
3366539.0004185224
3366538.942112839
3366510.5559670627
3366510.5559670627
3366510.5559670627
3366510.5559670627
3366495.2647220506
3366490.857681962
3366490.857681962
3366490.857681962
3366490.857681962
3366490.857681962
3366490.562208368
3366490.562208368
3366490.204425871
3366490.204425871
3366489.447468359
3366489.438637518
3366489.438637518
3366489.432236255
3366489.430019903
3366489.430019903
3366489.372936923
3366489.3625222533
3366489.2988347276
3366489.2988347276
3366489.2988347276
3366489.247860236
3366488.9572008243
3366488.7253435664
3366488.7132691983
3366488.6376896445
3366488.5225695693
3366488.0199340214
3366487.9109090576
3366487.9109090576
3366487.8660782943
3366486.8160588876
3366486.550140974
3366486.5263517504
3366486.5263517504
3366485.581216419
3366485.581216419
3366485.336979817
3366483.917939411
3366482.7013656343
3366481.6614205865
3366481.6614205865
3366481.6614205865
3366481.6614205865
3366481.604398875
3366477.2951461864
3366477.2694258094
3366477.2694258094
3366477.101035747
3366477.101035747
3366477.101035747
3366476.9161061766
3366476.9161061766
3366476.9161061766
3366476.9161061766
3366476.9161061766
3366476.913372083
3366476.913372083
3366476.913372083
3366476.854590206
3366476.854590206
3366476.7613291973
3366476.252691074
3366462.5618569646
3366458.224403446
3366458.224403446
3366457.175626432
3366455.0577576454
3366454.2836142015
3366453.5548085286
3366453.5548085286
3366447.1337366533
3366445.56022603
3366445.2705479017
3366445.0254306085
3366445.0254306085
3366441.769736599
3366441.769736599
3366436.8141239225
3366436.8141239225
3366436.6589699867
3366436.6589699867
3366436.6589699867
3366436.090840454
3366435.223403458
3366434.5412472915
3366434.0396764586
3366433.6281351154
3366430.8885566494
3366430.418905388
3366430.418905388
3366429.833452428
3366429.833452428
3366429.833452428
3366429.833452428
3366429.833452428
3366429.833452428
3366429.833452428
3366429.833452428
3366427.4544376186
3366425.2298431452
3366424.2174576144
3366424.2174576144
3366424.2174576144
3366424.2174576144
3366419.7490971633
3366419.7490971633
3366419.7490971633
3366419.6912710797
3366419.6912710797
3366419.6912710797
3366419.6912710797
3366419.6912710797
3366419.6912710797
3366419.6912710797
3366417.743416862
3366417.722807497
3366417.722807497
3366417.456411393
3366411.727802935
3366411.727802935
3366411.135204194
3366407.9232364646
3366407.585104621
3366406.7683130642
3366403.9832217526
3366403.1878181677
3366397.4220582875
3366395.584751273
3366395.4341076543
3366395.328978128
3366395.328978128
3366395.328978128
3366394.6506184787
3366394.6413656604
3366394.6413656604
3366394.6413656604
3366394.545091801
3366394.5324799097
3366394.5324799097
3366393.6602763073
3366392.8893101853
3366392.8893101853
3366392.76918358
3366392.669584471
3366392.669584471
3366386.445798989
3366386.1982550775
3366385.6960314345
3366385.6960314345
3366383.619262811
3366383.619262811
3366382.1087995344
3366382.1087995344
3366382.1087995344
3366382.1087995344
3366382.1087995344
3366381.8489381378
3366381.381500151
3366381.381500151
3366379.8326860764
3366378.5990950214
3366377.1147935796
3366376.687545179
3366376.687545179
3366373.761187663
3366373.5987454704
3366373.470869805
3366369.196371543
3366369.196371543
3366369.196371543
3366365.775612272
3366364.872407674
3366361.863870297
3366361.025699311
3366352.8873595935
3366351.939926582
3366350.5539818318
3366348.580677652
3366341.495228611
3366339.9643220603
3366339.0360382176
3366339.0360382176
3366338.499803856
3366335.8123457683
3366332.6770831593
3366332.6770831593
3366330.8483617986
3366329.4257754064
3366329.225840187
3366300.5286606695
3366296.0511165224
3366296.0511165224
3366265.0739455465
3366265.0739455465
3366265.0739455465
3366260.182851839
3366260.182851839
3366217.539385221
3366217.539385221
3366217.539385221
3366217.539385221
3366217.539385221
3366035.4752604095
3366035.4752604095
3365985.647283014
3365984.2638849015
3365984.156784729
3365979.846459013
3365979.7789078904
3365979.6732591703
3365971.762680203
3365971.762680203
3365965.512705176
3365959.846309171
3365954.8764363313
3365949.806968766
3365949.806968766
3365895.601425737
3365895.601425737
3365895.601425737
3365887.2527312096
3365887.2527312096
3365887.2527312096
3365887.2527312096
3365887.1933710473
3365887.148640102
3365885.9731499655
3365885.9731499655
3365885.958054797
3365884.8137482507
3365884.8137482507
3365883.297694707
3365883.297694707
3365883.297694707
3365882.493608651
3365882.4936079676
3365882.0464190217
3365882.0464190217
3365881.872244705
3365881.872244705
3365878.3861531694
3365878.3861531694
3365876.756088931
3365876.611705905
3365876.509187142
3365874.537269646
3365870.498289508
3365868.7665893817
3365867.4259207384
3365866.6776857907
3365866.6776857907
3365866.5924789915
3365866.4938848065
3365866.4145136257
3365866.363346509
3365866.363346509
3365866.3603060353
3365866.3603060353
3365865.640476902
3365865.5682813455
3365865.5682813455
3365865.5450604954
3365865.296359431
3365865.296359431
3365865.296359431
3365865.296359431
3365865.085098909
3365865.085098565
3365864.982803113
3365864.2806624603
3365864.186773577
3365864.1226049433
3365864.0742191556
3365863.929986382
3365863.8876293665
3365862.261286861