5847788.726659193
5679446.238420297
5570850.50373266
5276179.879870943
5235547.543179315
5143124.350943401
5142953.570352996
5142951.72223753
5142951.7088690745
5123777.315120597
5123777.315120597
5123777.315120597
5058050.351063137
5056890.752475443
4919120.070604891
4918961.979725818
4918961.979725818
4918961.979725818
4918961.979440278
4917788.650153224
4917748.902891878
4888238.895085028
4887092.440662104
4875136.755773367
4867915.867160422
4848474.034088231
4834586.55185043
4783052.767464884
4782938.8577884305
4710120.9553566165
4710102.437365258
4710101.9609541455
4702398.126126212
4700356.292947917
4700356.292947917
4700356.234668433
4700105.832153311
4700105.463511219
4700062.323643838
4699782.123553012
4699782.123553012
4698897.464260665
4698897.464260665
4696747.270482459
4696569.043395042
4696012.9856397845
4696012.9856397845
4695831.711370008
4695831.692676854
4695831.691957991
4694389.719245315
4694357.539781892
4693912.768166861
4693912.666870965
4693912.662603262
4693912.662603262
4693668.697392164
4660848.104378544
4587418.665627959
4587373.4499209225
4587371.235930452
4587371.235930452
4567458.832879353
4567218.030669257
4548692.191475783
4538646.237908315
4511364.626161968
4494373.89361991
4429171.575553688
4339290.94928156
4323850.565593368
4323755.280511155
4293694.751061705
4272544.902295752
4224721.394162766
4209569.042785702
4161711.1349766375
4145844.6999174077
4145763.190798221
4115448.703178755
4111070.781731323
4088375.1658190293
4082304.114595412
4082304.114595412
4082304.114595412
4080174.9615930524
4078944.4940964133
4078944.2746652416
4078944.2598880962
4072406.838411817
4062805.892851143
4061929.3901851354
4061191.985687612
4061191.985687612
4025391.6681352216
4025391.6681352216
4015540.202278956
4015413.9118583067
4015396.003400774
4011997.096640346
3978725.8358798986
3978725.8358798986
3978725.337391332
3978725.2964021424
3978725.2964021424
3978725.2964021424
3975636.974159383
3975613.7327298597
3960295.398995055
3960295.398995055
3960295.398995055
3960295.398995055
3957127.9545771754
3951420.9479944212
3951377.098635724
3947921.383435391
3944253.7507102517
3939473.1390234684
3938996.9923872547
3935446.4317443836
3926836.503978265
3925670.1704735956
3919591.8995474256
3919114.1255910355
3919101.5671148766
3919101.5671148766
3919101.4436485907
3915289.5766894887
3915289.5766894887
3915281.2791204294
3914999.618978677
3914947.4982414176
3914947.4982414176
3914947.4614390866
3913831.45593332
3913451.5316295633
3913450.55861059
3913398.4445761833
3913397.747043125
3913383.708445622
3909434.7333284854
3909420.8424987206
3909259.361549945
3900975.583964204
3899454.1977492133
3897975.6722989595
3895846.492637231
3895746.514409419
3894903.2125467355
3892882.78480402
3892566.092480233
3892563.133190292
3892563.133190292
3884398.8972545536
3878264.020709657
3878264.020709657
3878260.7515849415
3878260.3861041404
3878260.3451489406
3876372.234108528
3876259.53267743
3876259.53267743
3874584.934736021
3874577.389265251
3874530.9445610936
3874530.6262329677
3874479.743618457
3874427.997191628
3874427.997191628
3874404.9894594545
3874382.5589080984
3874382.5589080984
3873804.669012114
3873804.669012114
3873804.669012114
3873791.591000704
3873612.650520355
3873559.3973380486
3873559.3973380486
3873543.4632888916
3873502.8844689974
3873502.6051667044
3873421.691883314
3861233.965337957
3846433.271937419
3839446.055973163
3839446.0336759454
3839443.121769758
3832268.9943395075
3832268.9943395075
3831031.4562727814
3831000.406088774
3825513.078939872
3825466.999500744
3825463.2541265204
3825462.7494551213
3825462.6814688183
3825462.672276562
3825462.672276562
3825462.672276562
3823378.2317071045
3823378.2317071045
3819793.175121319
3816864.0621437994
3816864.0621437994
3815419.222689976
3815416.507682771
3815274.3365777526
3815273.672888298
3813282.83016164
3813282.83016164
3812404.1372633227
3812399.4922299595
3812399.4922299595
3812399.4922299595
3812399.4781607813
3810484.338147043
3810484.338147043
3810483.2464236566
3810483.0852772035
3810483.0614027665
3810483.0614027665
3809988.688081999
3809465.6084991074
3808844.704376946
3808844.704376946
3808471.388161399
3807830.037561294
3801948.0452722874
3800850.8173907665
3800850.8173907665
3800848.1159813274
3800848.1159813274
3800848.0511348164
3800848.041032772
3800848.041032772
3797438.2653384516
3797386.3368924353
3795115.4584878976
3795095.602422389
3794295.9925723197
3794197.7692966238
3794181.6942293188
3794181.6942293188
3794181.6942293188
3794181.627481239
3794181.627481239
3794181.627481239
3794181.6271937876
3794181.627146719
3794181.627138987
3794181.6271377136
3794181.627137505
3794181.627137505
3793796.7873122524
3793796.7873122524
3793646.191328098
3793645.6360734836
3793645.5425199023
3793645.5267141396
3793645.5240357667
3793645.5240357667
3793503.635980632
3793494.7290825304
3793493.1886892603
3793376.650816914
3793373.910880932
3792694.668604902
3792694.668604902
3792694.668604902
3792650.272233178
3790322.6685444685
3789384.1138461446
3789378.54006224
3789377.555894993
3784240.302699213
3784216.3107662112
3784216.3107662112
3783372.9306445788
3783358.9988913652
3782239.3300921842
3782239.3300921842
3781892.7041768758
3781886.5387734035
3781886.5387734035
3781886.3363412856
3781886.2993926173
3780619.897046136
3780619.897046136
3780619.897046136
3780619.897046136
3780619.897046136
3780261.9607885387
3780236.030294378
3779913.4070961983
3779910.7563540367
3779910.7563540367
3779910.6630837917
3779910.645518642
3779910.642202457
3779740.8051974885
3779738.6054913728
3779738.6054913728
3779738.5257751127
3779738.5257751127
3779435.405424459
3778008.949515985
3778008.949515985
3778008.949515985
3778008.9343233043
3778008.9313759157
3778008.9313759157
3778008.931264186
3778008.931264186
3777998.2131336215
3777980.588591014
3777968.9038409293
3777968.9038409293
3777968.9038409293
3777956.126863531
3777956.126863531
3777955.9648422855
3777952.382332204
3777952.13752025
3777952.0884358836
3777952.0884358836
3777925.874948187
3777790.7540592845
3777789.858185453
3777756.398932973
3777755.8165860064
3777755.697921002
3777755.673700481
3777744.352025913
3777744.352025913
3777744.338216328
3777744.335372991
3777744.3347863033
3777719.3141684565
3777685.9539619708
3777685.9539619708
3777685.9350667694
3777685.9350667694
3777664.5557146943
3777663.190932997
3777663.1634541457
3777663.1634541457
3777663.1634541457
3777663.1634541457
3777649.69122188
3777633.0309478496
3777617.0857354715
3777617.0857354715
3777588.7320264243
3777588.7320264243
3777588.7320264243
3777588.710500569
3777567.6033792053
3777198.442841455
3777190.102332605
3776894.2666545785
3776876.4578384333
3776849.7301265956
3776771.0508087687
3776718.530304976
3776718.117686295
3776718.0273406757
3776718.0273406757
3776718.0273406757
3776628.404763639
3776626.634283928
3776626.4233401543
3776559.41219696
3776559.41219696
3776303.058852398
3776243.406616461
3776089.0596153415
3776088.1156503004
3776087.904280875
3775881.5390001093
3774774.940392284
3774636.203544332
3774634.9648169214
3774634.6848213463
3774285.8837872045
3774162.6944213808
3774120.5948820966
3774119.10086535
3774119.10086535
3774059.806594072
3774040.920369752
3774040.78049364
3774040.78049364
3773865.644348519
3773858.087160864
3773684.724530311
3773625.2996800556
3773624.1245646253
3773313.7034845524
3773313.7034845524
3773312.7326416527
3773312.7326416527
3773312.7326416527
3771981.659553421
3770349.5546039143
3769515.6314265295
3769300.6025463226
3769275.2585728997
3769211.9849717333
3769211.1127793123
3769211.1127793123
3769193.7295559496
3769192.025941123
3769191.9675546144
3769186.341580029
3769186.341580029
3769186.3354106643
3769173.4098246284
3769168.0537751
3769168.0289661987
3769144.6837731833
3769144.2072907477
3769133.3987566684
3769131.8002236024
3769129.719978843
3769129.7101102704
3769121.3367729485
3769109.5059176884
3769109.484980473
3769109.479873605
3769109.478626266
3769109.478626266
3769109.4785515177
3768873.6533903703
3768841.109852859
3768757.6918753292
3768757.195395225
3768757.0728184963
3768757.0728184963
3768757.065317721
3768757.065317721
3768611.8993824525
3768611.8993824525
3768611.8083371078
3768369.730354572
3768256.511156003
3767892.331152468
3767037.659778838
3766989.9338190155
3766977.7954393574
3766927.574019872
3766905.0493149376
3766899.2992600785
3766897.8453157484
3766897.8453157484
3766897.8453157484
3766897.821691221
3766897.821691221
3766802.793885279
3766749.0399574246
3766749.0399574246
3765123.1750013824
3765121.1259842957
3765121.1259842957
3765121.1259842957
3765121.1259842957
3765120.995170009
3765120.9614856197
3765120.952800939
3765120.950558869
3765120.950558869
3765120.950408844
3765120.95036996
3765120.9503598684
3765120.9503598684
3765120.9503591857
3765120.9503591857
3765112.124194045
3765107.9062146274
3765107.734344772
3765107.6920344965
3764985.0570814437
3764985.0570814437
3764946.281545029
3764859.6524855294
3764859.6524855294
3764855.5917017204
3764678.867966547
3764677.7288384833
3764677.4268106027
3764547.173200156
3764544.0530790603
3764541.1389893414
3764442.8233778663
3764341.9148504413
3764341.9148504413
3764254.607681516
3764247.5564876897
3764247.5564876897
3764247.051781699
3764138.5698128706
3764138.5698128706
3764109.016116155
3764109.016116155
3764108.8549190154
3764097.5679843784
3764097.1755569265
3764092.9709657957
3764092.721253504
3764063.7448606296
3764063.7448606296
3764047.5239585433
3764047.5239585433
3764017.83575322
3764017.83575322
3764017.83575322
3764017.832886174
3764008.516967346
3764004.4129705904
3764004.368293191
3764003.1903170454
3764003.1574519905
3764003.1484013502
3763978.868823077
3763969.0559071815
3763968.9717790834
3763958.258036728
3763765.0578504237
3763579.926938714
3763577.661993235
3763577.030705932
3763437.4613770666
3763291.905551203
3763291.744231753
3763291.6991896606
3763291.686600008
3763290.2571583935
3763288.8997933096
3762968.324887501
3762968.324887501
3762966.2221554536
3762965.629361382
3762945.9832769865
3762921.0577910207
3762920.988081808
3762920.988081808
3762920.9825256993
3762920.980954377
3762920.980509548
3762919.716422816
3762902.7742526014
3762902.352598823
3762861.05483901
3762816.875439651
3762806.0189310326
3762802.7599699157
3762654.1756083197
3762651.9152256185
3762633.77466346
3762633.2799837245
3762626.8476427277
3762626.66384106
3762626.6110278405
3762626.0509289037
3762626.0431408403
3762626.040898489
3762626.001811082
3762626.0004975004
3762625.813639772
3762625.809256522
3762625.809256522
3762625.6985357907
3762625.1971163154
3762624.6349650486
3762624.6304649333
3762624.4830055973
3762624.4699188964
3762624.4699188964
3762624.4699188964
3762624.4441007124
3762624.443922143
3762624.443922143
3762624.4439068763
3762624.400067308
3762623.598810519
3762620.4744618754
3762620.4525980446
3762619.5174092236
3762619.4085433087
3762619.4021014306
3762619.394776037
3762619.3942582128
3762619.39410535
3762619.392832211
3762619.3928140504
3762619.3928086744
3762619.38545895
3762619.3099516523
3762619.309577733
3762619.304324444
3762619.30411803
3762619.3017019103
3762619.2762953728
3762619.241536301
3762619.1405745205
3762619.139504453
3762619.139184713
3762619.1390890935
3762618.94058191
3762618.840323683
3762618.8276367914
3762618.708648407
3762618.7079716483
3762618.7077682414
3762618.65028169
3762618.6484150058
3762617.6899779174
3762617.6790998364
3762617.6790998364
3762617.6781082256
3762610.176514123
3762610.0890318523
3762610.06253601
3762597.1676249863
3762597.1255681836
3762582.4757001735
3762568.534521581
3762568.2204393577
3762561.9223452844
3762560.505437753
3762556.1305574696
3762550.0734292255
3762527.386727282
3762527.2839542907
3762527.2839542907
3762527.2839542907
3762527.2839542907
3762527.283053244
3762527.283053244
3762527.2829684764
3762148.895735459
3762148.895735459
3762148.167711804
3761958.549626658
3761952.408597387
3761942.190567772
3761923.976460164
3761923.333675149
3761923.134517781
3761920.4606988197
3761630.4673125553
3761630.4673125553
3761391.646414736
3761380.8164292625
3761347.804354041
3761347.804354041
3761347.804354041
3761347.075068721
3761342.6986619146
3761342.6986619146
3761246.266686521
3761244.99337482
3761226.0713426596
3761225.381232135
3761225.381232135
3761225.3138029505
3761225.3138029505
3761225.3138029505
3761214.823126535
3761214.731091428
3761214.702206747
3761213.8132778127
3761213.8132778127
3761213.790151874
3761213.7828743556
3761213.7805826305
3761213.77765739
3761166.632458191
3761166.632458191
3761166.632458191
3761165.8350821338
3761120.0411238037
3761115.7801107843
3761083.871280886
3761077.669291918
3761075.4276035875
3761075.4276035875
3761075.298841902
3761074.561937744
3761074.5562638617
3761072.1052136924
3761072.052205244
3761066.2591908565
3761064.0003388138
3761063.983791167
3761063.9785112524
3761063.9768255036
3761063.261493607
3761062.9142593364
3761062.8031685157
3761060.896179888
3761060.5080728764
3761060.5080728764
3761060.5057912
3761058.1940811602
3761057.883780236
3761055.9761841474
3761055.958734939
3761055.2601997396
3761055.257947842
3761055.2555215308
3761055.245756357
3761055.24546731
3761055.24546731
3761053.8821231523
3761053.124449979
3761053.124449979
3761053.123117861
3761053.122686784
3761053.0727123916
3761053.0718946643
3761053.0716295782
3761053.0716295782
3761052.9499147176
3761052.88877372
3761052.888375292
3761052.7898761923
3761052.7717747684
3761052.74171795
3761052.74171795
3761052.495746004
3761052.488648303
3761052.4863328156
3761052.485577009
3761052.485330164
3761051.96968025
3761051.7991895224
3761051.259521495
3761051.256745752
3761051.1034459667
3761051.101328376
3761051.101328376
3761051.101100612
3761051.1010258556
3761051.0678315903
3761051.066776292
3761051.06236375
3761051.0620096484
3761051.013937654
3761050.7529772655
3761050.748922969
3761050.6253133006
3761050.6243646014
3761050.6240515467
3761050.6239481876
3761050.6239140457
3761050.623902761
3761050.62389903
3761050.62389903
3761050.62389903
3761050.623898895
3761049.4897698937
3761029.7863357584
3761010.49542798
3761010.49542798
3761007.4183800793
3761002.081599959
3761002.007085754
3761001.9823040552
3761001.9823040552
3761001.979559581
3761001.979559581
3761001.9792550392
3761001.9791535167
3761001.9791535167
3761001.9791422174
3761001.9791422174
3761001.9791409574
3761001.9791405364
3761001.9791403953
3761001.9791403487
3761001.9791403487
3761001.979140343
3761001.9791403413
3761001.9791403413
3761001.9791403404
3761001.9791403404
3761001.9791403404
3761001.9791403404
3761001.9791403404
3761001.9791403394
3761001.9791403394
3761001.9791403394
3761001.9791403394
3761001.9791403394
3761001.9791403394
3761001.9791403394
3761001.9791403394
3761001.9791403394
3761001.9791403394
3761001.9791403394
3761001.9791403394
3761001.9791403394
3761001.9671584847
3761001.9671584847
3761001.967104141
3761001.967104141
3761001.9658734193
3760991.186519481
3760987.1083113453
3760985.859227347
3760985.859227347
3760984.1128416047
3760982.66895042
3760982.610336498
3760982.5904169194
3760982.583644574
3760982.583644574
3760968.1116187633
3760968.0334789385
3760966.257571019
3760966.257571019
3760965.215054415
3760964.8247329355
3760964.8046122105
3760964.7996944147
3760964.600030552
3760961.5633494295
3760961.55030834
3760961.5458506257
3760961.5443262756
3760956.7597906557
3760956.7597906557
3760952.7920082496
3760952.7920082496
3760952.7865694915
3760936.479959845
3760935.2890143944
3760935.2890143944
3760935.267275072
3760935.25981153
3760934.930010378
3760934.0787031
3760933.796298229
3760931.993697001
3760914.2060767864
3760914.048622898
3760913.3140527937
3760892.509973865
3760892.1230074884
3760816.2008509045
3760798.8703857055
3760681.7630732222
3760681.175391905
3760680.9725613855
3760680.902518221
3760680.902518221
3760680.696183942
3760644.228681579
3760643.1486808537
3760643.1486808537
3760626.51062465
3760587.609390521
3760580.105631273
3760566.127450432
3760550.4901606366
3760549.5263112574
3760483.3703235453
3760483.3703235453
3760468.156670063
3760467.8326303656
3760467.247743682
3760466.6850198875
3760466.6369036417
3760463.7250065203
3760463.670031159
3760460.493827743
3760460.3654119903
3760460.353148788
3760460.353148788
3760459.9026678894
3760458.42785967
3760458.415468257
3760451.4010855597
3760444.4194564945
3760443.0245773783
3760437.022889162
3760437.022889162
3760436.094482459
3760436.0456021973
3760436.0285196383
3760435.9730075677
3760435.9730075677
3760435.971416976
3760435.971416976
3760435.969906731
3760435.969906731
3760435.9698472624
3760435.9199300166
3760435.7303834246
3760435.7291723336
3760435.5998889846
3760435.552715832
3760434.2379755126
3760432.68904313
3760432.6859989334
3760432.590787636
3760432.590787636
3760430.314827803
3760430.300494866
3760426.556561129
3760424.0131986393
3760423.999106669
3760423.994146959
3760423.992400879
3760423.9917859873
3760423.9917859873
3760423.9917096654
3760417.3599543115
3760417.3527498106
3760417.3518179236
3760417.3518179236
3760417.3517019246
3760416.2165638655
3760416.2090470735
3760416.206392371
3760415.295221992
3760415.2185349795
3760415.2140079425
3760414.9356901688
3760414.9356901688
3760414.8931086333
3760414.848842381
3760414.8241974358
3760414.1201343248
3760414.1201343248
3760414.071723164
3760414.0660331314
3760414.0660331314
3760414.0653182147
3760414.0652057407
3760413.6982194353
3760413.695781648
3760413.694916522
3760413.694916522
3760413.694124749
3760413.694124749
3760413.692673429
3760413.691403835
3760413.691403835
3760413.69124341
3760413.687872733
3760413.2919108886
3760413.2919108886
3760413.2420947775
3760413.2420947775
3760413.2420947775
3760412.40389915
3760412.40389915
3760412.040798407
3760412.022036672
3760410.7541062017
3760410.7541062017
3760410.7541062017
3760410.7489526463
3760410.748017998
3760410.7471947293
3760410.7471947293
3760410.7136535575
3760410.6889777477
3760410.6455170917
3760410.627125807
3760410.5413802974
3760410.5177321997
3760410.5173037774
3760410.517150557
3760410.517095748
3760410.517095748
3760410.5170887294
3760410.5170862176
3760410.5081941127
3760410.5081941127
3760410.507910826
3760410.50790937
3760410.507856352
3760410.507856352
3760410.507742382
3760410.5073125972
3760410.5073117693
3760410.5050259675
3760410.504972787
3760410.5023186035
3760410.501531378
3760410.5014727046
3760410.5014533536
3760410.5014326186
3760410.5014326186
3760410.501335178
3760410.5006926763
3760410.5006926763
3760410.499893553
3760410.4998887866
3760410.4995329804
3760410.4995274064
3760410.493467299
3760410.493467299
3760410.4933395623
3760410.491755187
3760410.4916743054
3760410.4916451755
3760410.4824740137
3760410.4823630475
3760410.4823230584
3760410.4823086443
3760410.4823086443
3760410.4821972023
3760410.481822344
3760410.481641797
3760410.257810268
3760410.077879191
3760410.077029047
3760410.077029047
3760410.077029047
3760409.518911501
3760409.518911501
3760409.51697595
3760409.51697595
3760409.476696053
3760409.462421226
3760409.462421226
3760409.425283913
3760408.8410804993
3760408.832806881
3760408.829814212
3760408.8287315476
3760408.8283398044
3760408.8281980366
3760408.8281467236
3760408.8265285254
3760408.8265285254
3760408.8264637752
3760408.826456631
3760408.826451753
3760408.826451753
3760408.826450476
3760408.826450476
3760408.826450424
3760408.826450424
3760408.8264504164
3760408.8264504145
3760408.8264504136
3760408.8264504136
3760408.8264502534
3760408.8264496974
3760408.8264496974
3760408.8264496974
3760408.8264496974
3760408.8264496974
3760408.8264496974
3760408.8264496946
3760408.8264496927
3760408.826449692
3760408.826449688
3760408.826449687
3760408.826449687
3760408.826449687
3760408.8264496834
3760408.8264496713
3760408.8264496713
3760408.8264496713
3760408.8264496713
3760408.8264496666
3760408.8264496666
3760408.8264496666
3760408.826449663
3760408.826449663
3760408.8264496434
3760408.8264496434
3760408.8264496378
3760408.82644961
3760408.82644961
3760408.82644961
3760408.826449415
3760408.8264494133
3760408.8264494133
3760408.8264494133
3760408.8264494133
3760408.8264494133
3760408.8264494133
3760408.8264494133
3760408.826449307
3760408.82644928
3760408.82644928
3760408.8264489197
3760408.826448918
3760408.8264487847
3760408.826448712
3760408.826448646
3760408.826448646
3760408.826448646
3760408.826448646
3760408.826448644
3760408.826448644
3760408.8264483283
3760408.826448278
3760408.826448277
3760408.826448225
3760408.826448194
3760408.826448194
3760408.826448194
3760408.8264481933
3760408.8264481933
3760408.8264481933
3760408.8264481924
3760408.8264481914
3760408.8264481914
3760408.8264481914
3760408.8264481914
3760408.8264481905
3760408.8264481905
3760408.8264481905
3760408.8264481905
3760408.8264481905
3760408.8264481905
3760408.8264481905
3760408.8264481905
3760408.8264481905
3760408.8264481905
3760408.8264481905
3760408.8264481905
3760408.8264481905
3760408.8264481905
3760408.8264481905
3760408.8264481905
3760408.8264481905
3760408.8264481905
3760408.8264481905
3760408.8264481905
3760408.8264481905
3760408.8264481905
3760408.8264481905
3760408.8264481905
3760408.8264481905
3760408.8264481905
3760408.8264481905
3760408.8264481905
3760408.8264481905
3760408.8264481905
3760408.8264481905
3760408.8264481905
3760408.8264481905
3760408.8264481905
3760408.8264481905
3760408.8264481905
3760408.8264481905
3760408.8264481905
3760408.8264481905
3760408.8264481905
3760408.8264481905
3760408.8264481905
3760408.8264481905
3760408.8264481905
3760408.8264481905
3760408.8264481905
3760408.8264481905
3760408.8264481905
3760408.8264481905
3760408.8264481905
3760408.8264481905
3760408.8264481905
3760408.8264481905
3760408.8264481905
3760408.8264481905
3760408.8264481905
3760408.8264481905
3760408.8264481905
3760408.8264481905
3760408.8264481905
3760408.8264481905
3760408.8264481905
3760408.8264481905
3760408.8264481905
3760408.8264481905
3760408.8264481905
3760408.8264481905
3760408.8264481905
3760408.8264481905
3760408.8264481905
3760408.8264481905
3760408.8264481905
3760408.8264481905
3760408.8264481905
3760408.8264481905
3760408.8264481905
3760408.8264481905
3760408.8264481905
3760408.8264481905
3760408.8264481905
3760408.8264481905
3760408.8264481905
3760408.8264481905
3760408.8264481905
3760408.8264481905
3760408.8264481905
3760408.8264481905
3760408.8264481905
3760408.8264481905
3760408.8264481905
3760408.8264481905
3760408.8264481905
3760408.8264481905
3760408.8264481905
3760408.8264481905
3760408.8264481905
3760408.8264481905
3760408.8264481905
3760408.8264481905
3760408.8264481905
3760408.8264481905
3760408.8264481905
3760408.8264481905
3760408.8264481905
3760408.8264481905
3760408.8264481905
3760408.8264481905
3760408.8264481905
3760408.8264481905
3760408.8264481905
3760408.8264481905
3760408.8264481905
3760408.8264481905
3760408.8264481905
3760408.8264481905
3760408.8264481905
3760408.8264481905
3760408.8264481905
3760408.8264481905
3760408.8264481905
3760408.8264481905
3760408.8264481905
3760408.8264481905
3760408.8264481905
3760408.8264481905
3760408.8264481905
3760408.8264481905
3760408.8264481905
3760408.8264481905
3760408.8264481905
3760408.8264481905
3760408.8264481905
3760408.8264481905
3760408.8264481905
3760408.8264481905
3760408.8264481905
3760408.8264481905
3760408.8264481905
3760408.8264481905
3760408.8264481905
3760408.8264481905
3760408.8264481905
3760408.8264481905
3760408.8264481905
3760408.8264481905
3760408.8264481905
3760408.8264481905
3760408.8264481905
3760408.8264481905
3760408.8264481905
3760408.8264481905
3760408.8264481905
3760408.8264481905
3760408.8264481905
3760408.8264481905
3760408.8264481905
3760408.8264481905
3760408.8264481905
3760408.8264481905
3760408.8264481905
3760408.8264481905
3760408.8264481905
3760408.8264481905
3760408.8264481905
3760408.8264481905
3760408.8264481905
3760408.8264481905
3760408.8264481905
3760408.8264481905
3760408.8264481905
3760408.8264481905
3760408.8264481905
3760408.8264481905
3760408.8264481905
3760408.8264481905
3760408.8264481905
3760408.8264481905
3760408.8264481905
3760408.8264481905
3760408.8264481905
3760408.8264481905
3760408.8264481905
3760408.8264481905
3760408.8264481905
3760408.8264481905
3760408.8264481905
3760408.8264481905
3760408.8264481905
3760408.8264481905
3760408.8264481905
3760408.8264481905
3760408.8264481905
3760408.8264481905
3760408.8264481905
3760408.8264481905
3760408.8264481905
3760408.8264481905
3760408.8264481905
3760408.8264481905
3760408.8264481905
3760408.8264481905
3760408.8264481905
3760408.8264481905
3760408.8264481905
3760408.8264481905
3760408.8264481905
3760408.8264481905
3760408.8264481905
3760408.8264481905
3760408.8264481905
3760408.8264481905
3760408.8264481905
3760408.8264481905
3760408.8264481905
3760408.8264481905
3760408.8264481905
3760408.8264481905
3760408.8264481905
3760408.8264481905
3760408.8264481905
3760408.8264481905
3760408.8264481905
3760408.8264481905
3760408.8264481905
3760408.8264481905
3760408.8264481905
3760408.8264481905
3760408.8264481905
3760408.8264481905
3760408.8264481905
3760408.8264481905
3760408.8264481905
3760408.8264481905
3760408.8264481905
3760408.8264481905
3760408.8264481905
3760408.8264481905
3760408.8264481905
3760408.8264481905
3760408.8264481905
3760408.8264481905
3760408.8264481905
3760408.8264481905
3760408.8264481905
3760408.8264481905
3760408.8264481905
3760408.8264481905
3760408.8264481905
3760408.8264481905
3760408.8264481905
3760408.8264481905
3760408.8264481905
3760408.8264481905
3760408.8264481905
3760408.8264481905
3760408.8264481905
3760408.8264481905
3760408.8264481905
3760408.8264481905
3760408.8264481905
3760408.8264481905
3760408.8264481905
3760408.8264481905
3760408.8264481905
3760408.8264481905
3760408.8264481905
3760408.8264481905
3760408.8264481905
3760408.8264481905
3760408.8264481905
3760408.8264481905
3760408.8264481905
3760408.8264481905
3760408.8264481905
3760408.8264481905
3760408.8264481905
3760408.8264481905
3760408.8264481905
3760408.8264481905
3760408.8264481905
3760408.8264481905
3760408.8264481905
3760408.8264481905
3760408.8264481905
3760408.8264481905
3760408.8264481905
3760408.8264481905
3760408.8264481905
3760408.8264481905
3760408.8264481905
3760408.8264481905
3760408.8264481905
3760408.8264481905
3760408.8264481905
3760408.8264481905
3760408.8264481905
3760408.8264481905
3760408.8264481905
3760408.8264481905
3760408.8264481905
3760408.8264481905
3760408.8264481905
3760408.8264481905
3760408.8264481905
3760408.8264481905
3760408.8264481905
3760408.8264481905
3760408.8264481905
3760408.8264481905
3760408.8264481905
3760408.8264481905
3760408.8264481905
3760408.8264481905
3760408.8264481905
3760408.8264481905
3760408.8264481905
3760408.8264481905
3760408.8264481905
3760408.8264481905
3760408.8264481905
3760408.8264481905
3760408.8264481905
3760408.8264481905
3760408.8264481905
3760408.8264481905
3760408.8264481905
3760408.8264481905
3760408.8264481905
3760408.8264481905
3760408.8264481905
3760408.8264481905
3760408.8264481905
3760408.8264481905
3760408.8264481905
3760408.8264481905
3760408.8264481905
3760408.8264481905
3760408.8264481905
3760408.8264481905
3760408.8264481905
3760408.8264481905
3760408.8264481905
3760408.8264481905
3760408.8264481905
3760408.8264481905
3760408.8264481905
3760408.8264481905
3760408.8264481905
3760408.8264481905
3760408.8264481905
3760408.8264481905
3760408.8264481905
3760408.8264481905
3760408.8264481905
3760408.8264481905
3760408.8264481905
3760408.8264481905
3760408.8264481905
3760408.8264481905
3760408.8264481905
3760408.8264481905
3760408.8264481905
3760408.8264481905
3760408.8264481905
3760408.8264481905
3760408.8264481905
3760408.8264481905
3760408.8264481905
3760408.8264481905
3760408.8264481905
3760408.8264481905
3760408.8264481905
3760408.8264481905
3760408.8264481905
3760408.8264481905
3760408.8264481905
3760408.8264481905
3760408.8264481905
3760408.8264481905
3760408.8264481905
3760408.8264481905
3760408.8264481905
3760408.8264481905
3760408.8264481905
3760408.8264481905
3760408.8264481905
3760408.8264481905
3760408.8264481905
3760408.8264481905
3760408.8264481905
3760408.8264481905
3760408.8264481905
3760408.8264481905
3760408.8264481905
3760408.8264481905
3760408.8264481905
3760408.8264481905
3760408.8264481905
3760408.8264481905
3760408.8264481905
3760408.8264481905
3760408.8264481905
3760408.8264481905
3760408.8264481905
3760408.8264481905
3760408.8264481905
3760408.8264481905
3760408.8264481905
3760408.8264481905
3760408.8264481905
3760408.8264481905
3760408.8264481905
3760408.8264481905
3760408.8264481905
3760408.8264481905
3760408.8264481905
3760408.8264481905
3760408.8264481905
3760408.8264481905
3760408.8264481905
3760408.8264481905
3760408.8264481905
3760408.8264481905
3760408.8264481905
3760408.8264481905
3760408.8264481905
3760408.8264481905
3760408.8264481905
3760408.8264481905
3760408.8264481905
3760408.8264481905
3760408.8264481905
3760408.8264481905
3760408.8264481905
3760408.8264481905
3760408.8264481905
3760408.8264481905
3760408.8264481905
3760408.8264481905
3760408.8264481905
3760408.8264481905
3760408.8264481905
3760408.8264481905
3760408.8264481905
3760408.8264481905
3760408.8264481905
3760408.8264481905
3760408.8264481905
3760408.8264481905
3760408.8264481905
3760408.8264481905
3760408.8264481905
3760408.8264481905
3760408.8264481905
3760408.8264481905
3760408.8264481905
3760408.8264481905
3760408.8264481905
3760408.8264481905
3760408.8264481905
3760408.8264481905
3760408.8264481905
3760408.8264481905
3760408.8264481905
3760408.8264481905
3760408.8264481905
3760408.8264481905
3760408.8264481905
3760408.8264481905
3760408.8264481905
3760408.8264481905
3760408.8264481905
3760408.8264481905
3760408.8264481905
3760408.8264481905
3760408.8264481905
3760408.8264481905
3760408.8264481905
3760408.8264481905
3760408.8264481905
3760408.8264481905
3760408.8264481905
3760408.8264481905
3760408.8264481905
3760408.8264481905
3760408.8264481905
3760408.8264481905
3760408.8264481905
3760408.8264481905
3760408.8264481905
3760408.8264481905
3760408.8264481905
3760408.8264481905
3760408.8264481905
3760408.8264481905
3760408.8264481905
3760408.8264481905
3760408.8264481905
3760408.8264481905
3760408.8264481905
3760408.8264481905
3760408.8264481905
3760408.8264481905
3760408.8264481905
3760408.8264481905
3760408.8264481905
3760408.8264481905
3760408.8264481905
3760408.8264481905
3760408.8264481905
3760408.8264481905
3760408.8264481905
3760408.8264481905
3760408.8264481905
3760408.8264481905
3760408.8264481905
3760408.8264481905
3760408.8264481905
3760408.8264481905
3760408.8264481905
3760408.8264481905
3760408.8264481905
3760408.8264481905
3760408.8264481905
3760408.8264481905
3760408.8264481905
3760408.8264481905
3760408.8264481905
3760408.8264481905
3760408.8264481905
3760408.8264481905
3760408.8264481905
3760408.8264481905
3760408.8264481905
3760408.8264481905
3760408.8264481905
3760408.8264481905
3760408.8264481905
3760408.8264481905
3760408.8264481905
3760408.8264481905
3760408.8264481905
3760408.8264481905
3760408.8264481905
3760408.8264481905
3760408.8264481905
3760408.8264481905
3760408.8264481905
3760408.8264481905
3760408.8264481905
3760408.8264481905
3760408.8264481905
3760408.8264481905
3760408.8264481905
3760408.8264481905
3760408.8264481905
3760408.8264481905
3760408.8264481905
3760408.8264481905
3760408.8264481905
3760408.8264481905
3760408.8264481905
3760408.8264481905
3760408.8264481905
3760408.8264481905
3760408.8264481905
3760408.8264481905
3760408.8264481905
3760408.8264481905
3760408.8264481905
3760408.8264481905
3760408.8264481905
3760408.8264481905
3760408.8264481905
3760408.8264481905
3760408.8264481905
3760408.8264481905
3760408.8264481905
3760408.8264481905
3760408.8264481905
3760408.8264481905
3760408.8264481905
3760408.8264481905
3760408.8264481905
3760408.8264481905
3760408.8264481905
3760408.8264481905
3760408.8264481905
3760408.8264481905
3760408.8264481905
3760408.8264481905
3760408.8264481905
3760408.8264481905
3760408.8264481905
3760408.8264481905
3760408.8264481905
3760408.8264481905
3760408.8264481905
3760408.8264481905
3760408.8264481905
3760408.8264481905
3760408.8264481905
3760408.8264481905
3760408.8264481905
3760408.8264481905
3760408.8264481905
3760408.8264481905
3760408.8264481905
3760408.8264481905
3760408.8264481905
3760408.8264481905
3760408.8264481905
3760408.8264481905
3760408.8264481905
3760408.8264481905
3760408.8264481905
3760408.8264481905
3760408.8264481905
3760408.8264481905
3760408.8264481905
3760408.8264481905
3760408.8264481905
3760408.8264481905
3760408.8264481905
3760408.8264481905
3760408.8264481905
3760408.8264481905
3760408.8264481905
3760408.8264481905
3760408.8264481905
3760408.8264481905
3760408.8264481905
3760408.8264481905
3760408.8264481905
3760408.8264481905
3760408.8264481905
3760408.8264481905
3760408.8264481905
3760408.8264481905
3760408.8264481905
3760408.8264481905
3760408.8264481905
3760408.8264481905
3760408.8264481905
3760408.8264481905
3760408.8264481905
3760408.8264481905
3760408.8264481905
3760408.8264481905
3760408.8264481905
3760408.8264481905
3760408.8264481905
3760408.8264481905
3760408.8264481905
3760408.8264481905
3760408.8264481905
3760408.8264481905
3760408.8264481905
3760408.8264481905
3760408.8264481905
3760408.8264481905
3760408.8264481905
3760408.8264481905
3760408.8264481905
3760408.8264481905
3760408.8264481905
3760408.8264481905
3760408.8264481905
3760408.8264481905
3760408.8264481905
3760408.8264481905
3760408.8264481905
3760408.8264481905
3760408.8264481905
3760408.8264481905
3760408.8264481905
3760408.8264481905
3760408.8264481905
3760408.8264481905
3760408.8264481905
3760408.8264481905
3760408.8264481905
3760408.8264481905
3760408.8264481905
3760408.8264481905
3760408.8264481905
3760408.8264481905
3760408.8264481905
3760408.8264481905
3760408.8264481905
3760408.8264481905
3760408.8264481905
3760408.8264481905
3760408.8264481905
3760408.8264481905
3760408.8264481905
3760408.8264481905
3760408.8264481905
3760408.8264481905
3760408.8264481905
3760408.8264481905
3760408.8264481905
3760408.8264481905
3760408.8264481905
3760408.8264481905
3760408.8264481905
3760408.8264481905
3760408.8264481905
3760408.8264481905
3760408.8264481905
3760408.8264481905
3760408.8264481905
3760408.8264481905
3760408.8264481905
3760408.8264481905
3760408.8264481905
3760408.8264481905
3760408.8264481905
3760408.8264481905
3760408.8264481905
3760408.8264481905
3760408.8264481905
3760408.8264481905
3760408.8264481905
3760408.8264481905
3760408.8264481905
3760408.8264481905
3760408.8264481905
3760408.8264481905
3760408.8264481905
3760408.8264481905
3760408.8264481905
3760408.8264481905
3760408.8264481905
3760408.8264481905
3760408.8264481905
3760408.8264481905
3760408.8264481905
3760408.8264481905
3760408.8264481905
3760408.8264481905
3760408.8264481905
3760408.8264481905
3760408.8264481905
3760408.8264481905
3760408.8264481905
3760408.8264481905
3760408.8264481905
3760408.8264481905
3760408.8264481905
3760408.8264481905
3760408.8264481905
3760408.8264481905
3760408.8264481905
3760408.8264481905
3760408.8264481905
3760408.8264481905
3760408.8264481905
3760408.8264481905
3760408.8264481905
3760408.8264481905
3760408.8264481905
3760408.8264481905
3760408.8264481905
3760408.8264481905
3760408.8264481905
3760408.8264481905
3760408.8264481905
3760408.8264481905
3760408.8264481905
3760408.8264481905
3760408.8264481905
3760408.8264481905
3760408.8264481905
3760408.8264481905
3760408.8264481905
3760408.8264481905
3760408.8264481905
3760408.8264481905
3760408.8264481905
3760408.8264481905
3760408.8264481905
3760408.8264481905
3760408.8264481905
3760408.8264481905
3760408.8264481905
3760408.8264481905
3760408.8264481905
3760408.8264481905
3760408.8264481905
3760408.8264481905
3760408.8264481905
3760408.8264481905
3760408.8264481905
3760408.8264481905
3760408.8264481905
3760408.8264481905
3760408.8264481905
3760408.8264481905
3760408.8264481905
3760408.8264481905
3760408.8264481905
3760408.8264481905
3760408.8264481905
3760408.8264481905
3760408.8264481905
3760408.8264481905
3760408.8264481905
3760408.8264481905
3760408.8264481905
3760408.8264481905
3760408.8264481905
3760408.8264481905
3760408.8264481905
3760408.8264481905
3760408.8264481905
3760408.8264481905
3760408.8264481905
3760408.8264481905
3760408.8264481905
3760408.8264481905
3760408.8264481905
3760408.8264481905
3760408.8264481905
3760408.8264481905
3760408.8264481905
3760408.8264481905
3760408.8264481905
3760408.8264481905
3760408.8264481905
3760408.8264481905
3760408.8264481905
3760408.8264481905
3760408.8264481905
3760408.8264481905
3760408.8264481905
3760408.8264481905
3760408.8264481905
3760408.8264481905
3760408.8264481905
3760408.8264481905
3760408.8264481905
3760408.8264481905
3760408.8264481905
3760408.8264481905
3760408.8264481905
3760408.8264481905
3760408.8264481905
3760408.8264481905
3760408.8264481905
3760408.8264481905
3760408.8264481905
3760408.8264481905
3760408.8264481905
3760408.8264481905
3760408.8264481905
3760408.8264481905
3760408.8264481905
3760408.8264481905
3760408.8264481905
3760408.8264481905
3760408.8264481905
3760408.8264481905
3760408.8264481905
3760408.8264481905
3760408.8264481905
3760408.8264481905
3760408.8264481905
3760408.8264481905
3760408.8264481905
3760408.8264481905
3760408.8264481905
3760408.8264481905
3760408.8264481905
3760408.8264481905
3760408.8264481905
3760408.8264481905
3760408.8264481905
3760408.8264481905
3760408.8264481905
3760408.8264481905
3760408.8264481905
3760408.8264481905
3760408.8264481905
3760408.8264481905
3760408.8264481905
3760408.8264481905
3760408.8264481905
3760408.8264481905
3760408.8264481905
3760408.8264481905
3760408.8264481905
3760408.8264481905
3760408.8264481905
3760408.8264481905
3760408.8264481905
3760408.8264481905
3760408.8264481905
3760408.8264481905
3760408.8264481905
3760408.8264481905
3760408.8264481905
3760408.8264481905
3760408.8264481905
3760408.8264481905
3760408.8264481905
3760408.8264481905
3760408.8264481905
3760408.8264481905
3760408.8264481905
3760408.8264481905
3760408.8264481905
3760408.8264481905
3760408.8264481905
3760408.8264481905
3760408.8264481905
3760408.8264481905
3760408.8264481905
3760408.8264481905
3760408.8264481905
3760408.8264481905
3760408.8264481905
3760408.8264481905
3760408.8264481905
3760408.8264481905
3760408.8264481905
3760408.8264481905
3760408.8264481905
3760408.8264481905
3760408.8264481905
3760408.8264481905
3760408.8264481905
3760408.8264481905
3760408.8264481905
3760408.8264481905
3760408.8264481905
3760408.8264481905
3760408.8264481905
3760408.8264481905
3760408.8264481905
3760408.8264481905
3760408.8264481905
3760408.8264481905
3760408.8264481905
3760408.8264481905
3760408.8264481905
3760408.8264481905
3760408.8264481905
3760408.8264481905
3760408.8264481905
3760408.8264481905
3760408.8264481905
3760408.8264481905
3760408.8264481905
3760408.8264481905
3760408.8264481905
3760408.8264481905
3760408.8264481905
3760408.8264481905
3760408.8264481905
3760408.8264481905
3760408.8264481905
3760408.8264481905
3760408.8264481905
3760408.8264481905
3760408.8264481905
3760408.8264481905
3760408.8264481905
3760408.8264481905
3760408.8264481905
3760408.8264481905
3760408.8264481905
3760408.8264481905
3760408.8264481905
3760408.8264481905
3760408.8264481905
3760408.8264481905
3760408.8264481905
3760408.8264481905
3760408.8264481905
3760408.8264481905
3760408.8264481905
3760408.8264481905
3760408.8264481905
3760408.8264481905
3760408.8264481905
3760408.8264481905
3760408.8264481905
3760408.8264481905
3760408.8264481905
3760408.8264481905
3760408.8264481905
3760408.8264481905
3760408.8264481905
3760408.8264481905
3760408.8264481905
3760408.8264481905
3760408.8264481905
3760408.8264481905
3760408.8264481905
3760408.8264481905
3760408.8264481905
3760408.8264481905
3760408.8264481905
3760408.8264481905
3760408.8264481905
3760408.8264481905
3760408.8264481905
3760408.8264481905
3760408.8264481905
3760408.8264481905
3760408.8264481905
3760408.8264481905
3760408.8264481905
3760408.8264481905
3760408.8264481905
3760408.8264481905
3760408.8264481905
3760408.8264481905
3760408.8264481905
3760408.8264481905
3760408.8264481905
3760408.8264481905
3760408.8264481905
3760408.8264481905
3760408.8264481905
3760408.8264481905
3760408.8264481905
3760408.8264481905
3760408.8264481905
3760408.8264481905
3760408.8264481905
3760408.8264481905
3760408.8264481905
3760408.8264481905
3760408.8264481905
3760408.8264481905
3760408.8264481905
3760408.8264481905
3760408.8264481905
3760408.8264481905
3760408.8264481905
3760408.8264481905
3760408.8264481905
3760408.8264481905
3760408.8264481905
3760408.8264481905
3760408.8264481905
3760408.8264481905
3760408.8264481905
3760408.8264481905
3760408.8264481905
3760408.8264481905
3760408.8264481905
3760408.8264481905
3760408.8264481905
3760408.8264481905
3760408.8264481905
3760408.8264481905
3760408.8264481905
3760408.8264481905
3760408.8264481905
3760408.8264481905
3760408.8264481905
3760408.8264481905
3760408.8264481905
3760408.8264481905
3760408.8264481905
3760408.8264481905
3760408.8264481905
3760408.8264481905
3760408.8264481905
3760408.8264481905
3760408.8264481905
3760408.8264481905
3760408.8264481905
3760408.8264481905
3760408.8264481905
3760408.8264481905
3760408.8264481905
3760408.8264481905
3760408.8264481905
3760408.8264481905
3760408.8264481905
3760408.8264481905
3760408.8264481905
3760408.8264481905
3760408.8264481905
3760408.8264481905
3760408.8264481905
3760408.8264481905
3760408.8264481905
3760408.8264481905
3760408.8264481905
3760408.8264481905
3760408.8264481905
3760408.8264481905
3760408.8264481905
3760408.8264481905
3760408.8264481905
3760408.8264481905
3760408.8264481905
3760408.8264481905
3760408.8264481905
3760408.8264481905
3760408.8264481905
3760408.8264481905
3760408.8264481905
3760408.8264481905
3760408.8264481905
3760408.8264481905
3760408.8264481905
3760408.8264481905
3760408.8264481905
3760408.8264481905
3760408.8264481905
3760408.8264481905
3760408.8264481905
3760408.8264481905
3760408.8264481905
3760408.8264481905
3760408.8264481905
3760408.8264481905
3760408.8264481905
3760408.8264481905
3760408.8264481905
3760408.8264481905
3760408.8264481905
3760408.8264481905
3760408.8264481905
3760408.8264481905
3760408.8264481905
3760408.8264481905
3760408.8264481905
3760408.8264481905
3760408.8264481905
3760408.8264481905
3760408.8264481905
3760408.8264481905
3760408.8264481905
3760408.8264481905
3760408.8264481905
3760408.8264481905
3760408.8264481905
3760408.8264481905
3760408.8264481905
3760408.8264481905
3760408.8264481905
3760408.8264481905
3760408.8264481905
3760408.8264481905
3760408.8264481905
3760408.8264481905
3760408.8264481905
3760408.8264481905
3760408.8264481905
3760408.8264481905
3760408.8264481905
3760408.8264481905
3760408.8264481905
3760408.8264481905
3760408.8264481905
3760408.8264481905
3760408.8264481905
3760408.8264481905
3760408.8264481905
3760408.8264481905
3760408.8264481905
3760408.8264481905
3760408.8264481905
3760408.8264481905
3760408.8264481905
3760408.8264481905
3760408.8264481905
3760408.8264481905
3760408.8264481905
3760408.8264481905
3760408.8264481905
3760408.8264481905
3760408.8264481905
3760408.8264481905
3760408.8264481905
3760408.8264481905
3760408.8264481905
3760408.8264481905
3760408.8264481905
3760408.8264481905
3760408.8264481905
3760408.8264481905
3760408.8264481905
3760408.8264481905
3760408.8264481905
3760408.8264481905
3760408.8264481905
3760408.8264481905
3760408.8264481905
3760408.8264481905
3760408.8264481905
3760408.8264481905
3760408.8264481905
3760408.8264481905
3760408.8264481905
3760408.8264481905
3760408.8264481905
3760408.8264481905
3760408.8264481905
3760408.8264481905
3760408.8264481905
3760408.8264481905
3760408.8264481905
3760408.8264481905
3760408.8264481905
3760408.8264481905
3760408.8264481905
3760408.8264481905
3760408.8264481905
3760408.8264481905
3760408.8264481905
3760408.8264481905
3760408.8264481905
3760408.8264481905
3760408.8264481905
3760408.8264481905
3760408.8264481905
3760408.8264481905
3760408.8264481905
3760408.8264481905
3760408.8264481905
3760408.8264481905
3760408.8264481905
3760408.8264481905
3760408.8264481905
3760408.8264481905
3760408.8264481905
3760408.8264481905
3760408.8264481905
3760408.8264481905
3760408.8264481905
3760408.8264481905
3760408.8264481905
3760408.8264481905
3760408.8264481905
3760408.8264481905
3760408.8264481905
3760408.8264481905
3760408.8264481905
3760408.8264481905
3760408.8264481905
3760408.8264481905
3760408.8264481905
3760408.8264481905
3760408.8264481905
3760408.8264481905
3760408.8264481905
3760408.8264481905
3760408.8264481905
3760408.8264481905
3760408.8264481905
3760408.8264481905
3760408.8264481905
3760408.8264481905
3760408.8264481905
3760408.8264481905
3760408.8264481905
3760408.8264481905
3760408.8264481905
3760408.8264481905
3760408.8264481905
3760408.8264481905
3760408.8264481905
3760408.8264481905
3760408.8264481905
3760408.8264481905
3760408.8264481905
3760408.8264481905
3760408.8264481905
3760408.8264481905
3760408.8264481905
3760408.8264481905
3760408.8264481905
3760408.8264481905
3760408.8264481905
3760408.8264481905
3760408.8264481905
3760408.8264481905
3760408.8264481905
3760408.8264481905
3760408.8264481905
3760408.8264481905
3760408.8264481905
3760408.8264481905
3760408.8264481905
3760408.8264481905
3760408.8264481905
3760408.8264481905
3760408.8264481905
3760408.8264481905
3760408.8264481905
3760408.8264481905
3760408.8264481905
3760408.8264481905
3760408.8264481905
3760408.8264481905
3760408.8264481905
3760408.8264481905
3760408.8264481905
3760408.8264481905
3760408.8264481905
3760408.8264481905
3760408.8264481905
3760408.8264481905
3760408.8264481905
3760408.8264481905
3760408.8264481905
3760408.8264481905
3760408.8264481905
3760408.8264481905
3760408.8264481905
3760408.8264481905
3760408.8264481905
3760408.8264481905
3760408.8264481905
3760408.8264481905
3760408.8264481905
3760408.8264481905
3760408.8264481905
3760408.8264481905
3760408.8264481905
3760408.8264481905
3760408.8264481905
3760408.8264481905
3760408.8264481905
3760408.8264481905
3760408.8264481905
3760408.8264481905
3760408.8264481905
3760408.8264481905
3760408.8264481905
3760408.8264481905
3760408.8264481905
3760408.8264481905
3760408.8264481905
3760408.8264481905
3760408.8264481905
3760408.8264481905
3760408.8264481905
3760408.8264481905
3760408.8264481905
3760408.8264481905
3760408.8264481905
3760408.8264481905
3760408.8264481905
3760408.8264481905
3760408.8264481905
3760408.8264481905
3760408.8264481905
3760408.8264481905
3760408.8264481905
3760408.8264481905
3760408.8264481905
3760408.8264481905
3760408.8264481905
3760408.8264481905
3760408.8264481905
3760408.8264481905
3760408.8264481905
3760408.8264481905
3760408.8264481905
3760408.8264481905
3760408.8264481905
3760408.8264481905
3760408.8264481905
3760408.8264481905
3760408.8264481905
3760408.8264481905
3760408.8264481905
3760408.8264481905
3760408.8264481905
3760408.8264481905
3760408.8264481905
3760408.8264481905
3760408.8264481905
3760408.8264481905
3760408.8264481905
3760408.8264481905
3760408.8264481905
3760408.8264481905
3760408.8264481905
3760408.8264481905
3760408.8264481905
3760408.8264481905
3760408.8264481905
3760408.8264481905
3760408.8264481905
3760408.8264481905
3760408.8264481905
3760408.8264481905
3760408.8264481905
3760408.8264481905
3760408.8264481905
3760408.8264481905
3760408.8264481905
3760408.8264481905
3760408.8264481905
3760408.8264481905
3760408.8264481905
3760408.8264481905
3760408.8264481905
3760408.8264481905
3760408.8264481905
3760408.8264481905
3760408.8264481905
3760408.8264481905
3760408.8264481905
3760408.8264481905
3760408.8264481905
3760408.8264481905
3760408.8264481905
3760408.8264481905
3760408.8264481905
3760408.8264481905
3760408.8264481905
3760408.8264481905
3760408.8264481905
3760408.8264481905
3760408.8264481905
3760408.8264481905
3760408.8264481905
3760408.8264481905
3760408.8264481905
3760408.8264481905
3760408.8264481905
3760408.8264481905
3760408.8264481905
3760408.8264481905
3760408.8264481905
3760408.8264481905
3760408.8264481905
3760408.8264481905
3760408.8264481905
3760408.8264481905
3760408.8264481905
3760408.8264481905
3760408.8264481905
3760408.8264481905
3760408.8264481905
3760408.8264481905
3760408.8264481905
3760408.8264481905
3760408.8264481905
3760408.8264481905
3760408.8264481905
3760408.8264481905
3760408.8264481905
3760408.8264481905
3760408.8264481905
3760408.8264481905
3760408.8264481905
3760408.8264481905
3760408.8264481905
3760408.8264481905
3760408.8264481905
3760408.8264481905
3760408.8264481905
3760408.8264481905
3760408.8264481905
3760408.8264481905
3760408.8264481905
3760408.8264481905
3760408.8264481905
3760408.8264481905
3760408.8264481905
3760408.8264481905
3760408.8264481905
3760408.8264481905
3760408.8264481905
3760408.8264481905
3760408.8264481905
3760408.8264481905
3760408.8264481905
3760408.8264481905
3760408.8264481905
3760408.8264481905
3760408.8264481905
3760408.8264481905
3760408.8264481905
3760408.8264481905
3760408.8264481905
3760408.8264481905
3760408.8264481905
3760408.8264481905
3760408.8264481905
3760408.8264481905
3760408.8264481905
3760408.8264481905
3760408.8264481905
3760408.8264481905
3760408.8264481905
3760408.8264481905
3760408.8264481905
3760408.8264481905
3760408.8264481905
3760408.8264481905
3760408.8264481905
3760408.8264481905
3760408.8264481905
3760408.8264481905
3760408.8264481905
3760408.8264481905
3760408.8264481905
3760408.8264481905
3760408.8264481905
3760408.8264481905
3760408.8264481905
3760408.8264481905
3760408.8264481905
3760408.8264481905
3760408.8264481905
3760408.8264481905
3760408.8264481905
3760408.8264481905
3760408.8264481905
3760408.8264481905
3760408.8264481905
3760408.8264481905
3760408.8264481905
3760408.8264481905
3760408.8264481905
3760408.8264481905
3760408.8264481905
3760408.8264481905
3760408.8264481905
3760408.8264481905
3760408.8264481905
3760408.8264481905
3760408.8264481905
3760408.8264481905
3760408.8264481905
3760408.8264481905
3760408.8264481905
3760408.8264481905
3760408.8264481905
3760408.8264481905
3760408.8264481905
3760408.8264481905
3760408.8264481905
3760408.8264481905
3760408.8264481905
3760408.8264481905
3760408.8264481905
3760408.8264481905
3760408.8264481905
3760408.8264481905
3760408.8264481905
3760408.8264481905
3760408.8264481905
3760408.8264481905
3760408.8264481905
3760408.8264481905
3760408.8264481905
3760408.8264481905
3760408.8264481905
3760408.8264481905
3760408.8264481905
3760408.8264481905
3760408.8264481905
3760408.8264481905
3760408.8264481905
3760408.8264481905
3760408.8264481905
3760408.8264481905
3760408.8264481905
3760408.8264481905
3760408.8264481905
3760408.8264481905
3760408.8264481905
3760408.8264481905
3760408.8264481905
3760408.8264481905
3760408.8264481905
3760408.8264481905
3760408.8264481905
3760408.8264481905
3760408.8264481905
3760408.8264481905
3760408.8264481905
3760408.8264481905
3760408.8264481905
3760408.8264481905
3760408.8264481905
3760408.8264481905
3760408.8264481905
3760408.8264481905
3760408.8264481905
3760408.8264481905
3760408.8264481905
3760408.8264481905
3760408.8264481905
3760408.8264481905
3760408.8264481905
3760408.8264481905
3760408.8264481905
3760408.8264481905
3760408.8264481905
3760408.8264481905
3760408.8264481905
3760408.8264481905
3760408.8264481905
3760408.8264481905
3760408.8264481905
3760408.8264481905
3760408.8264481905
3760408.8264481905
3760408.8264481905
3760408.8264481905
3760408.8264481905
3760408.8264481905
3760408.8264481905
3760408.8264481905
3760408.8264481905
3760408.8264481905
3760408.8264481905
3760408.8264481905
3760408.8264481905
3760408.8264481905
3760408.8264481905
3760408.8264481905
3760408.8264481905
3760408.8264481905
3760408.8264481905
3760408.8264481905
3760408.8264481905
3760408.8264481905
3760408.8264481905
3760408.8264481905
3760408.8264481905
3760408.8264481905
3760408.8264481905
3760408.8264481905
3760408.8264481905
3760408.8264481905
3760408.8264481905
3760408.8264481905
3760408.8264481905
3760408.8264481905
3760408.8264481905
3760408.8264481905
3760408.8264481905
3760408.8264481905
3760408.8264481905
3760408.8264481905
3760408.8264481905
3760408.8264481905
3760408.8264481905
3760408.8264481905
3760408.8264481905
3760408.8264481905
3760408.8264481905
3760408.8264481905
3760408.8264481905
3760408.8264481905
3760408.8264481905
3760408.8264481905
3760408.8264481905
3760408.8264481905
3760408.8264481905
3760408.8264481905
3760408.8264481905
3760408.8264481905
3760408.8264481905
3760408.8264481905
3760408.8264481905
3760408.8264481905
3760408.8264481905
3760408.8264481905
3760408.8264481905
3760408.8264481905
3760408.8264481905
3760408.8264481905
3760408.8264481905
3760408.8264481905
3760408.8264481905
3760408.8264481905
3760408.8264481905
3760408.8264481905
3760408.8264481905
3760408.8264481905
3760408.8264481905
3760408.8264481905
3760408.8264481905
3760408.8264481905
3760408.8264481905
3760408.8264481905
3760408.8264481905
3760408.8264481905
3760408.8264481905
3760408.8264481905
3760408.8264481905
3760408.8264481905
3760408.8264481905
3760408.8264481905
3760408.8264481905
3760408.8264481905
3760408.8264481905
3760408.8264481905
3760408.8264481905
3760408.8264481905
3760408.8264481905
3760408.8264481905
3760408.8264481905
3760408.8264481905
3760408.8264481905
3760408.8264481905
3760408.8264481905
3760408.8264481905
3760408.8264481905
3760408.8264481905
3760408.8264481905
3760408.8264481905
3760408.8264481905
3760408.8264481905
3760408.8264481905
3760408.8264481905
3760408.8264481905
3760408.8264481905
3760408.8264481905
3760408.8264481905
3760408.8264481905
3760408.8264481905
3760408.8264481905
3760408.8264481905
3760408.8264481905
3760408.8264481905
3760408.8264481905
3760408.8264481905
3760408.8264481905
3760408.8264481905
3760408.8264481905
3760408.8264481905
3760408.8264481905
3760408.8264481905
3760408.8264481905
3760408.8264481905
3760408.8264481905
3760408.8264481905
3760408.8264481905
3760408.8264481905
3760408.8264481905
3760408.8264481905
3760408.8264481905
3760408.8264481905
3760408.8264481905
3760408.8264481905
3760408.8264481905
3760408.8264481905
3760408.8264481905
3760408.8264481905
3760408.8264481905
3760408.8264481905
3760408.8264481905
3760408.8264481905
3760408.8264481905
3760408.8264481905
3760408.8264481905
3760408.8264481905
3760408.8264481905
3760408.8264481905
3760408.8264481905
3760408.8264481905
3760408.8264481905
3760408.8264481905
3760408.8264481905
3760408.8264481905
3760408.8264481905
3760408.8264481905
3760408.8264481905
3760408.8264481905
3760408.8264481905
3760408.8264481905
3760408.8264481905
3760408.8264481905
3760408.8264481905
3760408.8264481905
3760408.8264481905
3760408.8264481905
3760408.8264481905
3760408.8264481905
3760408.8264481905
3760408.8264481905
3760408.8264481905
3760408.8264481905
3760408.8264481905
3760408.8264481905
3760408.8264481905
3760408.8264481905
3760408.8264481905
3760408.8264481905
3760408.8264481905
3760408.8264481905
3760408.8264481905
3760408.8264481905
3760408.8264481905
3760408.8264481905
3760408.8264481905
3760408.8264481905
3760408.8264481905
3760408.8264481905
3760408.8264481905
3760408.8264481905
3760408.8264481905
3760408.8264481905
3760408.8264481905
3760408.8264481905
3760408.8264481905
3760408.8264481905
3760408.8264481905
3760408.8264481905
3760408.8264481905
3760408.8264481905
3760408.8264481905
3760408.8264481905
3760408.8264481905
3760408.8264481905
3760408.8264481905
3760408.8264481905
3760408.8264481905
3760408.8264481905
3760408.8264481905
3760408.8264481905
3760408.8264481905
3760408.8264481905
3760408.8264481905
3760408.8264481905
3760408.8264481905
3760408.8264481905
3760408.8264481905
3760408.8264481905
3760408.8264481905
3760408.8264481905
3760408.8264481905
3760408.8264481905
3760408.8264481905
3760408.8264481905
3760408.8264481905
3760408.8264481905
3760408.8264481905
3760408.8264481905
3760408.8264481905
3760408.8264481905
3760408.8264481905
3760408.8264481905
3760408.8264481905
3760408.8264481905
3760408.8264481905
3760408.8264481905
3760408.8264481905
3760408.8264481905
3760408.8264481905
3760408.8264481905
3760408.8264481905
3760408.8264481905
3760408.8264481905
3760408.8264481905
3760408.8264481905
3760408.8264481905
3760408.8264481905
3760408.8264481905
3760408.8264481905
3760408.8264481905
3760408.8264481905
3760408.8264481905
3760408.8264481905
3760408.8264481905
3760408.8264481905
3760408.8264481905
3760408.8264481905
3760408.8264481905
3760408.8264481905
3760408.8264481905
3760408.8264481905
3760408.8264481905
3760408.8264481905
3760408.8264481905
3760408.8264481905
3760408.8264481905
3760408.8264481905
3760408.8264481905
3760408.8264481905
3760408.8264481905
3760408.8264481905
3760408.8264481905
3760408.8264481905
3760408.8264481905
3760408.8264481905
3760408.8264481905
3760408.8264481905
3760408.8264481905
3760408.8264481905
3760408.8264481905
3760408.8264481905
3760408.8264481905
3760408.8264481905
3760408.8264481905
3760408.8264481905
3760408.8264481905
3760408.8264481905
3760408.8264481905
3760408.8264481905
3760408.8264481905
3760408.8264481905
3760408.8264481905
3760408.8264481905
3760408.8264481905
3760408.8264481905
3760408.8264481905
3760408.8264481905
3760408.8264481905
3760408.8264481905
3760408.8264481905
3760408.8264481905
3760408.8264481905
3760408.8264481905
3760408.8264481905
3760408.8264481905
3760408.8264481905
3760408.8264481905
3760408.8264481905
3760408.8264481905
3760408.8264481905
3760408.8264481905
3760408.8264481905
3760408.8264481905
3760408.8264481905
3760408.8264481905
3760408.8264481905
3760408.8264481905
3760408.8264481905
3760408.8264481905
3760408.8264481905
3760408.8264481905
3760408.8264481905
3760408.8264481905
3760408.8264481905
3760408.8264481905
3760408.8264481905
3760408.8264481905
3760408.8264481905
3760408.8264481905
3760408.8264481905
3760408.8264481905
3760408.8264481905
3760408.8264481905
3760408.8264481905
3760408.8264481905
3760408.8264481905
3760408.8264481905
3760408.8264481905
3760408.8264481905
3760408.8264481905
3760408.8264481905
3760408.8264481905
3760408.8264481905
3760408.8264481905
3760408.8264481905
3760408.8264481905
3760408.8264481905
3760408.8264481905
3760408.8264481905
3760408.8264481905
3760408.8264481905
3760408.8264481905
3760408.8264481905
3760408.8264481905
3760408.8264481905
3760408.8264481905
3760408.8264481905
3760408.8264481905
3760408.8264481905
3760408.8264481905
3760408.8264481905
3760408.8264481905
3760408.8264481905
3760408.8264481905
3760408.8264481905
3760408.8264481905
3760408.8264481905
3760408.8264481905
3760408.8264481905
3760408.8264481905
3760408.8264481905
3760408.8264481905
3760408.8264481905
3760408.8264481905
3760408.8264481905
3760408.8264481905
3760408.8264481905
3760408.8264481905
3760408.8264481905
3760408.8264481905
3760408.8264481905
3760408.8264481905
3760408.8264481905
3760408.8264481905
3760408.8264481905
3760408.8264481905
3760408.8264481905
3760408.8264481905
3760408.8264481905
3760408.8264481905
3760408.8264481905
3760408.8264481905
3760408.8264481905
3760408.8264481905
3760408.8264481905
3760408.8264481905
3760408.8264481905
3760408.8264481905
3760408.8264481905
3760408.8264481905
3760408.8264481905
3760408.8264481905
3760408.8264481905
3760408.8264481905
3760408.8264481905
3760408.8264481905
3760408.8264481905
3760408.8264481905
3760408.8264481905
3760408.8264481905
3760408.8264481905
3760408.8264481905
3760408.8264481905
3760408.8264481905
3760408.8264481905
3760408.8264481905
3760408.8264481905
3760408.8264481905
3760408.8264481905
3760408.8264481905
3760408.8264481905
3760408.8264481905
3760408.8264481905
3760408.8264481905
3760408.8264481905
3760408.8264481905
3760408.8264481905
3760408.8264481905
3760408.8264481905
3760408.8264481905
3760408.8264481905
3760408.8264481905
3760408.8264481905
3760408.8264481905
3760408.8264481905
3760408.8264481905
3760408.8264481905
3760408.8264481905
3760408.8264481905
3760408.8264481905
3760408.8264481905
3760408.8264481905
3760408.8264481905
3760408.8264481905
3760408.8264481905
3760408.8264481905
3760408.8264481905
3760408.8264481905
3760408.8264481905
3760408.8264481905
3760408.8264481905
3760408.8264481905
3760408.8264481905
3760408.8264481905
3760408.8264481905
3760408.8264481905
3760408.8264481905
3760408.8264481905
3760408.8264481905
3760408.8264481905
3760408.8264481905
3760408.8264481905
3760408.8264481905
3760408.8264481905
3760408.8264481905
3760408.8264481905
3760408.8264481905
3760408.8264481905
3760408.8264481905
3760408.8264481905
3760408.8264481905
3760408.8264481905
3760408.8264481905
3760408.8264481905
3760408.8264481905
3760408.8264481905
3760408.8264481905
3760408.8264481905
3760408.8264481905
3760408.8264481905
3760408.8264481905
3760408.8264481905
3760408.8264481905
3760408.8264481905
3760408.8264481905
3760408.8264481905
3760408.8264481905
3760408.8264481905
3760408.8264481905
3760408.8264481905
3760408.8264481905
3760408.8264481905
3760408.8264481905
3760408.8264481905
3760408.8264481905
3760408.8264481905
3760408.8264481905
3760408.8264481905
3760408.8264481905
3760408.8264481905
3760408.8264481905
3760408.8264481905
3760408.8264481905
3760408.8264481905
3760408.8264481905
3760408.8264481905
3760408.8264481905
3760408.8264481905
3760408.8264481905
3760408.8264481905
3760408.8264481905
3760408.8264481905
3760408.8264481905
3760408.8264481905
3760408.8264481905
3760408.8264481905
3760408.8264481905
3760408.8264481905
3760408.8264481905
3760408.8264481905
3760408.8264481905
3760408.8264481905
3760408.8264481905
3760408.8264481905
3760408.8264481905
3760408.8264481905
3760408.8264481905
3760408.8264481905
3760408.8264481905
3760408.8264481905
3760408.8264481905
3760408.8264481905
3760408.8264481905
3760408.8264481905
3760408.8264481905
3760408.8264481905
3760408.8264481905
3760408.8264481905
3760408.8264481905
3760408.8264481905
3760408.8264481905
3760408.8264481905
3760408.8264481905
3760408.8264481905
3760408.8264481905
3760408.8264481905
3760408.8264481905
3760408.8264481905
3760408.8264481905
3760408.8264481905
3760408.8264481905
3760408.8264481905
3760408.8264481905
3760408.8264481905
3760408.8264481905
3760408.8264481905
3760408.8264481905
3760408.8264481905
3760408.8264481905
3760408.8264481905
3760408.8264481905
3760408.8264481905
3760408.8264481905
3760408.8264481905
3760408.8264481905
3760408.8264481905
3760408.8264481905
3760408.8264481905
3760408.8264481905
3760408.8264481905
3760408.8264481905
3760408.8264481905
3760408.8264481905
3760408.8264481905
3760408.8264481905
3760408.8264481905
3760408.8264481905
3760408.8264481905
3760408.8264481905
3760408.8264481905
3760408.8264481905
3760408.8264481905
3760408.8264481905
3760408.8264481905
3760408.8264481905
3760408.8264481905
3760408.8264481905
3760408.8264481905
3760408.8264481905
3760408.8264481905
3760408.8264481905
3760408.8264481905
3760408.8264481905
3760408.8264481905
3760408.8264481905
3760408.8264481905
3760408.8264481905
3760408.8264481905
3760408.8264481905
3760408.8264481905
3760408.8264481905
3760408.8264481905
3760408.8264481905
3760408.8264481905
3760408.8264481905
3760408.8264481905
3760408.8264481905
3760408.8264481905
3760408.8264481905
3760408.8264481905
3760408.8264481905
3760408.8264481905
3760408.8264481905
3760408.8264481905
3760408.8264481905
3760408.8264481905
3760408.8264481905
3760408.8264481905
3760408.8264481905
3760408.8264481905
3760408.8264481905
3760408.8264481905
3760408.8264481905
3760408.8264481905
3760408.8264481905
3760408.8264481905
3760408.8264481905
3760408.8264481905
3760408.8264481905
3760408.8264481905
3760408.8264481905
3760408.8264481905
3760408.8264481905
3760408.8264481905
3760408.8264481905
3760408.8264481905
3760408.8264481905
3760408.8264481905
3760408.8264481905
3760408.8264481905
3760408.8264481905
3760408.8264481905
3760408.8264481905
3760408.8264481905
3760408.8264481905
3760408.8264481905
3760408.8264481905
3760408.8264481905
3760408.8264481905
3760408.8264481905
3760408.8264481905
3760408.8264481905
3760408.8264481905
3760408.8264481905
3760408.8264481905
3760408.8264481905
3760408.8264481905
3760408.8264481905
3760408.8264481905
3760408.8264481905
3760408.8264481905
3760408.8264481905
3760408.8264481905
3760408.8264481905
3760408.8264481905
3760408.8264481905
3760408.8264481905
3760408.8264481905
3760408.8264481905
3760408.8264481905
3760408.8264481905
3760408.8264481905
3760408.8264481905
3760408.8264481905
3760408.8264481905
3760408.8264481905
3760408.8264481905
3760408.8264481905
3760408.8264481905
3760408.8264481905
3760408.8264481905
3760408.8264481905
3760408.8264481905
3760408.8264481905
3760408.8264481905
3760408.8264481905
3760408.8264481905
3760408.8264481905
3760408.8264481905
3760408.8264481905
3760408.8264481905
3760408.8264481905
3760408.8264481905
3760408.8264481905
3760408.8264481905
3760408.8264481905
3760408.8264481905
3760408.8264481905
3760408.8264481905
3760408.8264481905
3760408.8264481905
3760408.8264481905
3760408.8264481905
3760408.8264481905
3760408.8264481905
3760408.8264481905
3760408.8264481905
3760408.8264481905
3760408.8264481905
3760408.8264481905
3760408.8264481905
3760408.8264481905
3760408.8264481905
3760408.8264481905
3760408.8264481905
3760408.8264481905
3760408.8264481905
3760408.8264481905
3760408.8264481905
3760408.8264481905
3760408.8264481905
3760408.8264481905
3760408.8264481905
3760408.8264481905
3760408.8264481905
3760408.8264481905
3760408.8264481905
3760408.8264481905
3760408.8264481905
3760408.8264481905
3760408.8264481905
3760408.8264481905
3760408.8264481905
3760408.8264481905
3760408.8264481905
3760408.8264481905
3760408.8264481905
3760408.8264481905
3760408.8264481905
3760408.8264481905
3760408.8264481905
3760408.8264481905
3760408.8264481905
3760408.8264481905
3760408.8264481905
3760408.8264481905
3760408.8264481905
3760408.8264481905
3760408.8264481905
3760408.8264481905
3760408.8264481905
3760408.8264481905
3760408.8264481905
3760408.8264481905
3760408.8264481905
3760408.8264481905
3760408.8264481905
3760408.8264481905
3760408.8264481905
3760408.8264481905
3760408.8264481905
3760408.8264481905
3760408.8264481905
3760408.8264481905
3760408.8264481905
3760408.8264481905
3760408.8264481905
3760408.8264481905
3760408.8264481905
3760408.8264481905
3760408.8264481905
3760408.8264481905
3760408.8264481905
3760408.8264481905
3760408.8264481905
3760408.8264481905
3760408.8264481905
3760408.8264481905
3760408.8264481905
3760408.8264481905
3760408.8264481905
3760408.8264481905
3760408.8264481905
3760408.8264481905
3760408.8264481905
3760408.8264481905
3760408.8264481905
3760408.8264481905
3760408.8264481905
3760408.8264481905
3760408.8264481905
3760408.8264481905
3760408.8264481905
3760408.8264481905
3760408.8264481905
3760408.8264481905
3760408.8264481905
3760408.8264481905
3760408.8264481905
3760408.8264481905
3760408.8264481905
3760408.8264481905
3760408.8264481905
3760408.8264481905
3760408.8264481905
3760408.8264481905
3760408.8264481905
3760408.8264481905
3760408.8264481905
3760408.8264481905
3760408.8264481905
3760408.8264481905
3760408.8264481905
3760408.8264481905
3760408.8264481905
3760408.8264481905
3760408.8264481905
3760408.8264481905
3760408.8264481905
3760408.8264481905
3760408.8264481905
3760408.8264481905
3760408.8264481905
3760408.8264481905
3760408.8264481905
3760408.8264481905
3760408.8264481905
3760408.8264481905
3760408.8264481905
3760408.8264481905
3760408.8264481905
3760408.8264481905
3760408.8264481905
3760408.8264481905
3760408.8264481905
3760408.8264481905
3760408.8264481905
3760408.8264481905
3760408.8264481905
3760408.8264481905
3760408.8264481905
3760408.8264481905
3760408.8264481905
3760408.8264481905
3760408.8264481905
3760408.8264481905
3760408.8264481905
3760408.8264481905
3760408.8264481905
3760408.8264481905
3760408.8264481905
3760408.8264481905
3760408.8264481905
3760408.8264481905
3760408.8264481905
3760408.8264481905
3760408.8264481905
3760408.8264481905
3760408.8264481905
3760408.8264481905
3760408.8264481905
3760408.8264481905
3760408.8264481905
3760408.8264481905
3760408.8264481905
3760408.8264481905
3760408.8264481905
3760408.8264481905
3760408.8264481905
3760408.8264481905
3760408.8264481905
3760408.8264481905
3760408.8264481905
3760408.8264481905
3760408.8264481905
3760408.8264481905
3760408.8264481905
3760408.8264481905
3760408.8264481905
3760408.8264481905
3760408.8264481905
3760408.8264481905
3760408.8264481905
3760408.8264481905
3760408.8264481905
3760408.8264481905
3760408.8264481905
3760408.8264481905
3760408.8264481905
3760408.8264481905
3760408.8264481905
3760408.8264481905
3760408.8264481905
3760408.8264481905
3760408.8264481905
3760408.8264481905
3760408.8264481905
3760408.8264481905
3760408.8264481905
3760408.8264481905
3760408.8264481905
3760408.8264481905
3760408.8264481905
3760408.8264481905
3760408.8264481905
3760408.8264481905
3760408.8264481905
3760408.8264481905
3760408.8264481905
3760408.8264481905
3760408.8264481905
3760408.8264481905
3760408.8264481905
3760408.8264481905
3760408.8264481905
3760408.8264481905
3760408.8264481905
3760408.8264481905
3760408.8264481905
3760408.8264481905
3760408.8264481905
3760408.8264481905
3760408.8264481905
3760408.8264481905
3760408.8264481905
3760408.8264481905
3760408.8264481905
3760408.8264481905
3760408.8264481905
3760408.8264481905
3760408.8264481905
3760408.8264481905
3760408.8264481905
3760408.8264481905
3760408.8264481905
3760408.8264481905
3760408.8264481905
3760408.8264481905
3760408.8264481905
3760408.8264481905
3760408.8264481905
3760408.8264481905
3760408.8264481905
3760408.8264481905
3760408.8264481905
3760408.8264481905
3760408.8264481905
3760408.8264481905
3760408.8264481905
3760408.8264481905
3760408.8264481905
3760408.8264481905
3760408.8264481905
3760408.8264481905
3760408.8264481905
3760408.8264481905
3760408.8264481905
3760408.8264481905
3760408.8264481905
3760408.8264481905
3760408.8264481905
3760408.8264481905
3760408.8264481905
3760408.8264481905
3760408.8264481905
3760408.8264481905
3760408.8264481905
3760408.8264481905
3760408.8264481905
3760408.8264481905
3760408.8264481905
3760408.8264481905
3760408.8264481905
3760408.8264481905
3760408.8264481905
3760408.8264481905
3760408.8264481905
3760408.8264481905
3760408.8264481905
3760408.8264481905
3760408.8264481905
3760408.8264481905
3760408.8264481905
3760408.8264481905
3760408.8264481905
3760408.8264481905
3760408.8264481905
3760408.8264481905
3760408.8264481905
3760408.8264481905
3760408.8264481905
3760408.8264481905
3760408.8264481905
3760408.8264481905
3760408.8264481905
3760408.8264481905
3760408.8264481905
3760408.8264481905
3760408.8264481905
3760408.8264481905
3760408.8264481905
3760408.8264481905
3760408.8264481905
3760408.8264481905
3760408.8264481905
3760408.8264481905
3760408.8264481905
3760408.8264481905
3760408.8264481905
3760408.8264481905
3760408.8264481905
3760408.8264481905
3760408.8264481905
3760408.8264481905
3760408.8264481905
3760408.8264481905
3760408.8264481905
3760408.8264481905
3760408.8264481905
3760408.8264481905
3760408.8264481905
3760408.8264481905
3760408.8264481905
3760408.8264481905
3760408.8264481905
3760408.8264481905
3760408.8264481905
3760408.8264481905
3760408.8264481905
3760408.8264481905
3760408.8264481905
3760408.8264481905
3760408.8264481905
3760408.8264481905
3760408.8264481905
3760408.8264481905
3760408.8264481905
3760408.8264481905
3760408.8264481905
3760408.8264481905
3760408.8264481905
3760408.8264481905
3760408.8264481905
3760408.8264481905
3760408.8264481905
3760408.8264481905
3760408.8264481905
3760408.8264481905
3760408.8264481905
3760408.8264481905
3760408.8264481905
3760408.8264481905
3760408.8264481905
3760408.8264481905
3760408.8264481905
3760408.8264481905
3760408.8264481905
3760408.8264481905
3760408.8264481905
3760408.8264481905
3760408.8264481905
3760408.8264481905
3760408.8264481905
3760408.8264481905
3760408.8264481905
3760408.8264481905
3760408.8264481905
3760408.8264481905
3760408.8264481905
3760408.8264481905
3760408.8264481905
3760408.8264481905
3760408.8264481905
3760408.8264481905
3760408.8264481905
3760408.8264481905
3760408.8264481905
3760408.8264481905
3760408.8264481905
3760408.8264481905
3760408.8264481905
3760408.8264481905
3760408.8264481905
3760408.8264481905
3760408.8264481905
3760408.8264481905
3760408.8264481905
3760408.8264481905
3760408.8264481905
3760408.8264481905
3760408.8264481905
3760408.8264481905
3760408.8264481905
3760408.8264481905
3760408.8264481905
3760408.8264481905
3760408.8264481905
3760408.8264481905
3760408.8264481905
3760408.8264481905
3760408.8264481905
3760408.8264481905
3760408.8264481905
3760408.8264481905
3760408.8264481905
3760408.8264481905
3760408.8264481905
3760408.8264481905
3760408.8264481905
3760408.8264481905
3760408.8264481905
3760408.8264481905
3760408.8264481905
3760408.8264481905
3760408.8264481905
3760408.8264481905
3760408.8264481905
3760408.8264481905
3760408.8264481905
3760408.8264481905
3760408.8264481905
3760408.8264481905
3760408.8264481905
3760408.8264481905
3760408.8264481905
3760408.8264481905
3760408.8264481905
3760408.8264481905
3760408.8264481905
3760408.8264481905
3760408.8264481905
3760408.8264481905
3760408.8264481905
3760408.8264481905
3760408.8264481905
3760408.8264481905
3760408.8264481905
3760408.8264481905
3760408.8264481905
3760408.8264481905
3760408.8264481905
3760408.8264481905
3760408.8264481905
3760408.8264481905
3760408.8264481905
3760408.8264481905
3760408.8264481905
3760408.8264481905
3760408.8264481905
3760408.8264481905
3760408.8264481905
3760408.8264481905
3760408.8264481905
3760408.8264481905
3760408.8264481905
3760408.8264481905
3760408.8264481905
3760408.8264481905
3760408.8264481905
3760408.8264481905
3760408.8264481905
3760408.8264481905
3760408.8264481905
3760408.8264481905
3760408.8264481905
3760408.8264481905
3760408.8264481905
3760408.8264481905
3760408.8264481905
3760408.8264481905
3760408.8264481905
3760408.8264481905
3760408.8264481905
3760408.8264481905
3760408.8264481905
3760408.8264481905
3760408.8264481905
3760408.8264481905
3760408.8264481905
3760408.8264481905
3760408.8264481905
3760408.8264481905
3760408.8264481905
3760408.8264481905
3760408.8264481905
3760408.8264481905
3760408.8264481905
3760408.8264481905
3760408.8264481905
3760408.8264481905
3760408.8264481905
3760408.8264481905
3760408.8264481905
3760408.8264481905
3760408.8264481905
3760408.8264481905
3760408.8264481905
3760408.8264481905
3760408.8264481905
3760408.8264481905
3760408.8264481905
3760408.8264481905
3760408.8264481905
3760408.8264481905
3760408.8264481905
3760408.8264481905
3760408.8264481905
3760408.8264481905
3760408.8264481905
3760408.8264481905
3760408.8264481905
3760408.8264481905
3760408.8264481905
3760408.8264481905
3760408.8264481905
3760408.8264481905
3760408.8264481905
3760408.8264481905
3760408.8264481905
3760408.8264481905
3760408.8264481905
3760408.8264481905
3760408.8264481905
3760408.8264481905
3760408.8264481905
3760408.8264481905
3760408.8264481905
3760408.8264481905
3760408.8264481905
3760408.8264481905
3760408.8264481905
3760408.8264481905
3760408.8264481905
3760408.8264481905
3760408.8264481905
3760408.8264481905
3760408.8264481905
3760408.8264481905
3760408.8264481905
3760408.8264481905
3760408.8264481905
3760408.8264481905
3760408.8264481905
3760408.8264481905
3760408.8264481905
3760408.8264481905
3760408.8264481905
3760408.8264481905
3760408.8264481905
3760408.8264481905
3760408.8264481905
3760408.8264481905
3760408.8264481905
3760408.8264481905
3760408.8264481905
3760408.8264481905
3760408.8264481905
3760408.8264481905
3760408.8264481905
3760408.8264481905
3760408.8264481905
3760408.8264481905
3760408.8264481905
3760408.8264481905
3760408.8264481905
3760408.8264481905
3760408.8264481905
3760408.8264481905
3760408.8264481905
3760408.8264481905
3760408.8264481905
3760408.8264481905
3760408.8264481905
3760408.8264481905
3760408.8264481905
3760408.8264481905
3760408.8264481905
3760408.8264481905
3760408.8264481905
3760408.8264481905
3760408.8264481905
3760408.8264481905
3760408.8264481905
3760408.8264481905
3760408.8264481905
3760408.8264481905
3760408.8264481905
3760408.8264481905
3760408.8264481905
3760408.8264481905
3760408.8264481905
3760408.8264481905
3760408.8264481905
3760408.8264481905
3760408.8264481905
3760408.8264481905
3760408.8264481905
3760408.8264481905
3760408.8264481905
3760408.8264481905
3760408.8264481905
3760408.8264481905
3760408.8264481905
3760408.8264481905
3760408.8264481905
3760408.8264481905
3760408.8264481905
3760408.8264481905
3760408.8264481905
3760408.8264481905
3760408.8264481905
3760408.8264481905
3760408.8264481905
3760408.8264481905
3760408.8264481905
3760408.8264481905
3760408.8264481905
3760408.8264481905
3760408.8264481905
3760408.8264481905
3760408.8264481905
3760408.8264481905
3760408.8264481905
3760408.8264481905
3760408.8264481905
3760408.8264481905
3760408.8264481905
3760408.8264481905
3760408.8264481905
3760408.8264481905
3760408.8264481905
3760408.8264481905
3760408.8264481905
3760408.8264481905
3760408.8264481905
3760408.8264481905
3760408.8264481905
3760408.8264481905
3760408.8264481905
3760408.8264481905
3760408.8264481905
3760408.8264481905
3760408.8264481905
3760408.8264481905
3760408.8264481905
3760408.8264481905
3760408.8264481905
3760408.8264481905
3760408.8264481905
3760408.8264481905
3760408.8264481905
3760408.8264481905
3760408.8264481905
3760408.8264481905
3760408.8264481905
3760408.8264481905
3760408.8264481905
3760408.8264481905
3760408.8264481905
3760408.8264481905
3760408.8264481905
3760408.8264481905
3760408.8264481905
3760408.8264481905
3760408.8264481905
3760408.8264481905
3760408.8264481905
3760408.8264481905
3760408.8264481905
3760408.8264481905
3760408.8264481905
3760408.8264481905
3760408.8264481905
3760408.8264481905
3760408.8264481905
3760408.8264481905
3760408.8264481905
3760408.8264481905
3760408.8264481905
3760408.8264481905
3760408.8264481905
3760408.8264481905
3760408.8264481905
3760408.8264481905
3760408.8264481905
3760408.8264481905
3760408.8264481905
3760408.8264481905
3760408.8264481905
3760408.8264481905
3760408.8264481905
3760408.8264481905
3760408.8264481905
3760408.8264481905
3760408.8264481905
3760408.8264481905
3760408.8264481905
3760408.8264481905
3760408.8264481905
3760408.8264481905
3760408.8264481905
3760408.8264481905
3760408.8264481905
3760408.8264481905
3760408.8264481905
3760408.8264481905
3760408.8264481905
3760408.8264481905
3760408.8264481905
3760408.8264481905
3760408.8264481905
3760408.8264481905
3760408.8264481905
3760408.8264481905
3760408.8264481905
3760408.8264481905
3760408.8264481905
3760408.8264481905
3760408.8264481905
3760408.8264481905
3760408.8264481905
3760408.8264481905
3760408.8264481905
3760408.8264481905
3760408.8264481905
3760408.8264481905
3760408.8264481905
3760408.8264481905
3760408.8264481905
3760408.8264481905
3760408.8264481905
3760408.8264481905
3760408.8264481905
3760408.8264481905
3760408.8264481905
3760408.8264481905
3760408.8264481905
3760408.8264481905
3760408.8264481905
3760408.8264481905
3760408.8264481905
3760408.8264481905
3760408.8264481905
3760408.8264481905
3760408.8264481905
3760408.8264481905
3760408.8264481905
3760408.8264481905
3760408.8264481905
3760408.8264481905
3760408.8264481905
3760408.8264481905
3760408.8264481905
3760408.8264481905
3760408.8264481905
3760408.8264481905
3760408.8264481905
3760408.8264481905
3760408.8264481905
3760408.8264481905
3760408.8264481905
3760408.8264481905
3760408.8264481905
3760408.8264481905
3760408.8264481905
3760408.8264481905
3760408.8264481905
3760408.8264481905
3760408.8264481905
3760408.8264481905
3760408.8264481905
3760408.8264481905
3760408.8264481905
3760408.8264481905
3760408.8264481905
3760408.8264481905
3760408.8264481905
3760408.8264481905
3760408.8264481905
3760408.8264481905
3760408.8264481905
3760408.8264481905
3760408.8264481905
3760408.8264481905
3760408.8264481905
3760408.8264481905
3760408.8264481905
3760408.8264481905
3760408.8264481905
3760408.8264481905
3760408.8264481905
3760408.8264481905
3760408.8264481905
3760408.8264481905
3760408.8264481905
3760408.8264481905
3760408.8264481905
3760408.8264481905
3760408.8264481905
3760408.8264481905
3760408.8264481905
3760408.8264481905
3760408.8264481905
3760408.8264481905
3760408.8264481905
3760408.8264481905
3760408.8264481905
3760408.8264481905
3760408.8264481905
3760408.8264481905
3760408.8264481905
3760408.8264481905
3760408.8264481905
3760408.8264481905
3760408.8264481905
3760408.8264481905
3760408.8264481905
3760408.8264481905
3760408.8264481905
3760408.8264481905
3760408.8264481905
3760408.8264481905
3760408.8264481905
3760408.8264481905
3760408.8264481905
3760408.8264481905
3760408.8264481905
3760408.8264481905
3760408.8264481905
3760408.8264481905
3760408.8264481905
3760408.8264481905
3760408.8264481905
3760408.8264481905
3760408.8264481905
3760408.8264481905
3760408.8264481905
3760408.8264481905
3760408.8264481905
3760408.8264481905
3760408.8264481905
3760408.8264481905
3760408.8264481905
3760408.8264481905
3760408.8264481905
3760408.8264481905
3760408.8264481905
3760408.8264481905
3760408.8264481905
3760408.8264481905
3760408.8264481905
3760408.8264481905
3760408.8264481905
3760408.8264481905
3760408.8264481905
3760408.8264481905
3760408.8264481905
3760408.8264481905
3760408.8264481905
3760408.8264481905
3760408.8264481905
3760408.8264481905
3760408.8264481905
3760408.8264481905
3760408.8264481905
3760408.8264481905
3760408.8264481905
3760408.8264481905
3760408.8264481905
3760408.8264481905
3760408.8264481905
3760408.8264481905
3760408.8264481905
3760408.8264481905
3760408.8264481905
3760408.8264481905
3760408.8264481905
3760408.8264481905
3760408.8264481905
3760408.8264481905
3760408.8264481905
3760408.8264481905
3760408.8264481905
3760408.8264481905
3760408.8264481905
3760408.8264481905
3760408.8264481905
3760408.8264481905
3760408.8264481905
3760408.8264481905
3760408.8264481905
3760408.8264481905
3760408.8264481905
3760408.8264481905
3760408.8264481905
3760408.8264481905
3760408.8264481905
3760408.8264481905
3760408.8264481905
3760408.8264481905
3760408.8264481905
3760408.8264481905
3760408.8264481905
3760408.8264481905
3760408.8264481905
3760408.8264481905
3760408.8264481905
3760408.8264481905
3760408.8264481905
3760408.8264481905
3760408.8264481905
3760408.8264481905
3760408.8264481905
3760408.8264481905
3760408.8264481905
3760408.8264481905
3760408.8264481905
3760408.8264481905
3760408.8264481905
3760408.8264481905
3760408.8264481905
3760408.8264481905
3760408.8264481905
3760408.8264481905
3760408.8264481905
3760408.8264481905
3760408.8264481905
3760408.8264481905
3760408.8264481905
3760408.8264481905
3760408.8264481905
3760408.8264481905
3760408.8264481905
3760408.8264481905
3760408.8264481905
3760408.8264481905
3760408.8264481905
3760408.8264481905
3760408.8264481905
3760408.8264481905
3760408.8264481905
3760408.8264481905
3760408.8264481905
3760408.8264481905
3760408.8264481905
3760408.8264481905
3760408.8264481905
3760408.8264481905
3760408.8264481905
3760408.8264481905
3760408.8264481905
3760408.8264481905
3760408.8264481905
3760408.8264481905
3760408.8264481905
3760408.8264481905
3760408.8264481905
3760408.8264481905
3760408.8264481905
3760408.8264481905
3760408.8264481905
3760408.8264481905
3760408.8264481905
3760408.8264481905
3760408.8264481905
3760408.8264481905
3760408.8264481905
3760408.8264481905
3760408.8264481905
3760408.8264481905
3760408.8264481905
3760408.8264481905
3760408.8264481905
3760408.8264481905
3760408.8264481905
3760408.8264481905
3760408.8264481905
3760408.8264481905
3760408.8264481905
3760408.8264481905
3760408.8264481905
3760408.8264481905
3760408.8264481905
3760408.8264481905
3760408.8264481905
3760408.8264481905
3760408.8264481905
3760408.8264481905
3760408.8264481905
3760408.8264481905
3760408.8264481905
3760408.8264481905
3760408.8264481905
3760408.8264481905
3760408.8264481905
3760408.8264481905
3760408.8264481905
3760408.8264481905
3760408.8264481905
3760408.8264481905
3760408.8264481905
3760408.8264481905
3760408.8264481905
3760408.8264481905
3760408.8264481905
3760408.8264481905
3760408.8264481905
3760408.8264481905
3760408.8264481905
3760408.8264481905
3760408.8264481905
3760408.8264481905
3760408.8264481905
3760408.8264481905
3760408.8264481905
3760408.8264481905
3760408.8264481905
3760408.8264481905
3760408.8264481905
3760408.8264481905
3760408.8264481905
3760408.8264481905
3760408.8264481905
3760408.8264481905
3760408.8264481905
3760408.8264481905
3760408.8264481905
3760408.8264481905
3760408.8264481905
3760408.8264481905
3760408.8264481905
3760408.8264481905
3760408.8264481905
3760408.8264481905
3760408.8264481905
3760408.8264481905
3760408.8264481905
3760408.8264481905
3760408.8264481905
3760408.8264481905
3760408.8264481905
3760408.8264481905
3760408.8264481905
3760408.8264481905
3760408.8264481905
3760408.8264481905
3760408.8264481905
3760408.8264481905
3760408.8264481905
3760408.8264481905
3760408.8264481905
3760408.8264481905
3760408.8264481905
3760408.8264481905
3760408.8264481905
3760408.8264481905
3760408.8264481905
3760408.8264481905
3760408.8264481905
3760408.8264481905
3760408.8264481905
3760408.8264481905
3760408.8264481905
3760408.8264481905
3760408.8264481905
3760408.8264481905
3760408.8264481905
3760408.8264481905
3760408.8264481905
3760408.8264481905
3760408.8264481905
3760408.8264481905
3760408.8264481905
3760408.8264481905
3760408.8264481905
3760408.8264481905
3760408.8264481905
3760408.8264481905
3760408.8264481905
3760408.8264481905
3760408.8264481905
3760408.8264481905
3760408.8264481905
3760408.8264481905
3760408.8264481905
3760408.8264481905
3760408.8264481905
3760408.8264481905
3760408.8264481905
3760408.8264481905
3760408.8264481905
3760408.8264481905
3760408.8264481905
3760408.8264481905
3760408.8264481905
3760408.8264481905
3760408.8264481905
3760408.8264481905
3760408.8264481905
3760408.8264481905
3760408.8264481905
3760408.8264481905
3760408.8264481905
3760408.8264481905
3760408.8264481905
3760408.8264481905
3760408.8264481905
3760408.8264481905
3760408.8264481905
3760408.8264481905
3760408.8264481905
3760408.8264481905
3760408.8264481905
3760408.8264481905
3760408.8264481905
3760408.8264481905
3760408.8264481905
3760408.8264481905
3760408.8264481905
3760408.8264481905
3760408.8264481905
3760408.8264481905
3760408.8264481905
3760408.8264481905
3760408.8264481905
3760408.8264481905
3760408.8264481905
3760408.8264481905
3760408.8264481905
3760408.8264481905
3760408.8264481905
3760408.8264481905
3760408.8264481905
3760408.8264481905
3760408.8264481905
3760408.8264481905
3760408.8264481905
3760408.8264481905
3760408.8264481905
3760408.8264481905
3760408.8264481905
3760408.8264481905
3760408.8264481905
3760408.8264481905
3760408.8264481905
3760408.8264481905
3760408.8264481905
3760408.8264481905
3760408.8264481905
3760408.8264481905
3760408.8264481905
3760408.8264481905
3760408.8264481905
3760408.8264481905
3760408.8264481905
3760408.8264481905
3760408.8264481905
3760408.8264481905
3760408.8264481905
3760408.8264481905
3760408.8264481905
3760408.8264481905
3760408.8264481905
3760408.8264481905
3760408.8264481905
3760408.8264481905
3760408.8264481905
3760408.8264481905
3760408.8264481905
3760408.8264481905
3760408.8264481905
3760408.8264481905
3760408.8264481905
3760408.8264481905
3760408.8264481905
3760408.8264481905
3760408.8264481905
3760408.8264481905
3760408.8264481905
3760408.8264481905
3760408.8264481905
3760408.8264481905
3760408.8264481905
3760408.8264481905
3760408.8264481905
3760408.8264481905
3760408.8264481905
3760408.8264481905
3760408.8264481905
3760408.8264481905
3760408.8264481905
3760408.8264481905
3760408.8264481905
3760408.8264481905
3760408.8264481905
3760408.8264481905
3760408.8264481905
3760408.8264481905
3760408.8264481905
3760408.8264481905
3760408.8264481905
3760408.8264481905
3760408.8264481905
3760408.8264481905
3760408.8264481905
3760408.8264481905
3760408.8264481905
3760408.8264481905
3760408.8264481905
3760408.8264481905
3760408.8264481905
3760408.8264481905
3760408.8264481905
3760408.8264481905
3760408.8264481905
3760408.8264481905
3760408.8264481905
3760408.8264481905
3760408.8264481905
3760408.8264481905
3760408.8264481905
3760408.8264481905
3760408.8264481905
3760408.8264481905
3760408.8264481905
3760408.8264481905
3760408.8264481905
3760408.8264481905
3760408.8264481905
3760408.8264481905
3760408.8264481905
3760408.8264481905
3760408.8264481905
3760408.8264481905
3760408.8264481905
3760408.8264481905
3760408.8264481905
3760408.8264481905
3760408.8264481905
3760408.8264481905
3760408.8264481905
3760408.8264481905
3760408.8264481905
3760408.8264481905
3760408.8264481905
3760408.8264481905
3760408.8264481905
3760408.8264481905
3760408.8264481905
3760408.8264481905
3760408.8264481905
3760408.8264481905
3760408.8264481905
3760408.8264481905
3760408.8264481905
3760408.8264481905
3760408.8264481905
3760408.8264481905
3760408.8264481905
3760408.8264481905
3760408.8264481905
3760408.8264481905
3760408.8264481905
3760408.8264481905
3760408.8264481905
3760408.8264481905
3760408.8264481905
3760408.8264481905
3760408.8264481905
3760408.8264481905
3760408.8264481905
3760408.8264481905
3760408.8264481905
3760408.8264481905
3760408.8264481905
3760408.8264481905
3760408.8264481905
3760408.8264481905
3760408.8264481905
3760408.8264481905
3760408.8264481905
3760408.8264481905
3760408.8264481905
3760408.8264481905
3760408.8264481905
3760408.8264481905
3760408.8264481905
3760408.8264481905
3760408.8264481905
3760408.8264481905
3760408.8264481905
3760408.8264481905
3760408.8264481905
3760408.8264481905
3760408.8264481905
3760408.8264481905
3760408.8264481905
3760408.8264481905
3760408.8264481905
3760408.8264481905
3760408.8264481905
3760408.8264481905
3760408.8264481905
3760408.8264481905
3760408.8264481905
3760408.8264481905
3760408.8264481905
3760408.8264481905
3760408.8264481905
3760408.8264481905
3760408.8264481905
3760408.8264481905
3760408.8264481905
3760408.8264481905
3760408.8264481905
3760408.8264481905
3760408.8264481905
3760408.8264481905
3760408.8264481905
3760408.8264481905
3760408.8264481905
3760408.8264481905
3760408.8264481905
3760408.8264481905
3760408.8264481905
3760408.8264481905
3760408.8264481905
3760408.8264481905
3760408.8264481905
3760408.8264481905
3760408.8264481905
3760408.8264481905
3760408.8264481905
3760408.8264481905
3760408.8264481905
3760408.8264481905
3760408.8264481905
3760408.8264481905
3760408.8264481905
3760408.8264481905
3760408.8264481905
3760408.8264481905
3760408.8264481905
3760408.8264481905
3760408.8264481905
3760408.8264481905
3760408.8264481905
3760408.8264481905
3760408.8264481905
3760408.8264481905
3760408.8264481905
3760408.8264481905
3760408.8264481905
3760408.8264481905
3760408.8264481905
3760408.8264481905
3760408.8264481905
3760408.8264481905
3760408.8264481905
3760408.8264481905
3760408.8264481905
3760408.8264481905
3760408.8264481905
3760408.8264481905
3760408.8264481905
3760408.8264481905
3760408.8264481905
3760408.8264481905
3760408.8264481905
3760408.8264481905
3760408.8264481905
3760408.8264481905
3760408.8264481905
3760408.8264481905
3760408.8264481905
3760408.8264481905
3760408.8264481905
3760408.8264481905
3760408.8264481905
3760408.8264481905
3760408.8264481905
3760408.8264481905
3760408.8264481905
3760408.8264481905
3760408.8264481905
3760408.8264481905
3760408.8264481905
3760408.8264481905
3760408.8264481905
3760408.8264481905
3760408.8264481905
3760408.8264481905
3760408.8264481905
3760408.8264481905
3760408.8264481905
3760408.8264481905
3760408.8264481905
3760408.8264481905
3760408.8264481905
3760408.8264481905
3760408.8264481905
3760408.8264481905
3760408.8264481905
3760408.8264481905
3760408.8264481905
3760408.8264481905
3760408.8264481905
3760408.8264481905
3760408.8264481905
3760408.8264481905
3760408.8264481905
3760408.8264481905
3760408.8264481905
3760408.8264481905
3760408.8264481905
3760408.8264481905
3760408.8264481905
3760408.8264481905
3760408.8264481905
3760408.8264481905
3760408.8264481905
3760408.8264481905
3760408.8264481905
3760408.8264481905
3760408.8264481905
3760408.8264481905
3760408.8264481905
3760408.8264481905
3760408.8264481905
3760408.8264481905
3760408.8264481905
3760408.8264481905
3760408.8264481905
3760408.8264481905
3760408.8264481905
3760408.8264481905
3760408.8264481905
3760408.8264481905
3760408.8264481905
3760408.8264481905
3760408.8264481905
3760408.8264481905
3760408.8264481905
3760408.8264481905
3760408.8264481905
3760408.8264481905
3760408.8264481905
3760408.8264481905
3760408.8264481905
3760408.8264481905
3760408.8264481905
3760408.8264481905
3760408.8264481905
3760408.8264481905
3760408.8264481905
3760408.8264481905
3760408.8264481905
3760408.8264481905
3760408.8264481905
3760408.8264481905
3760408.8264481905
3760408.8264481905
3760408.8264481905
3760408.8264481905
3760408.8264481905
3760408.8264481905
3760408.8264481905
3760408.8264481905
3760408.8264481905
3760408.8264481905
3760408.8264481905
3760408.8264481905
3760408.8264481905
3760408.8264481905
3760408.8264481905
3760408.8264481905
3760408.8264481905
3760408.8264481905
3760408.8264481905
3760408.8264481905
3760408.8264481905
3760408.8264481905
3760408.8264481905
3760408.8264481905
3760408.8264481905
3760408.8264481905
3760408.8264481905
3760408.8264481905
3760408.8264481905
3760408.8264481905
3760408.8264481905
3760408.8264481905
3760408.8264481905
3760408.8264481905
3760408.8264481905
3760408.8264481905
3760408.8264481905
3760408.8264481905
3760408.8264481905
3760408.8264481905
3760408.8264481905
3760408.8264481905
3760408.8264481905
3760408.8264481905
3760408.8264481905
3760408.8264481905
3760408.8264481905
3760408.8264481905
3760408.8264481905
3760408.8264481905
3760408.8264481905
3760408.8264481905
3760408.8264481905
3760408.8264481905
3760408.8264481905
3760408.8264481905
3760408.8264481905
3760408.8264481905
3760408.8264481905
3760408.8264481905
3760408.8264481905
3760408.8264481905
3760408.8264481905
3760408.8264481905
3760408.8264481905
3760408.8264481905
3760408.8264481905
3760408.8264481905
3760408.8264481905
3760408.8264481905
3760408.8264481905
3760408.8264481905
3760408.8264481905
3760408.8264481905
3760408.8264481905
3760408.8264481905
3760408.8264481905
3760408.8264481905
3760408.8264481905
3760408.8264481905
3760408.8264481905
3760408.8264481905
3760408.8264481905
3760408.8264481905
3760408.8264481905
3760408.8264481905
3760408.8264481905
3760408.8264481905
3760408.8264481905
3760408.8264481905
3760408.8264481905
3760408.8264481905
3760408.8264481905
3760408.8264481905
3760408.8264481905
3760408.8264481905
3760408.8264481905
3760408.8264481905
3760408.8264481905
3760408.8264481905
3760408.8264481905
3760408.8264481905
3760408.8264481905