5654861.906534203
5185810.82955037
5185810.82955037
5185810.82955037
5185810.82955037
5185810.82955037
4914715.560301945
4648039.0263852
4648039.0263852
4648039.0263852
4648039.0263852
4388270.542905089
4388270.542905089
4388270.542905089
4388270.542905089
4388270.542905089
4387914.097093015
4387914.097093015
4376568.40756924
4376568.40756924
4376568.40756924
4376568.40756924
4376442.874698977
4376442.874698977
4376442.874698977
4376442.874698977
4210094.707909273
4210094.707909273
4172486.4777934123
4172486.4777934123
4160172.437389279
4160172.437389279
4160172.437389279
4160172.437389279
4160172.437389279
4160172.437389279
4041943.894109465
4010603.4120404897
3997856.7104390357
3997856.7104390357
3997856.7104390357
3997856.7104390357
3997856.7104390357
3997856.7104390357
3997856.7104390357
3997856.7104390357
3997856.7104390357
3997856.7104390357
3997856.7104390357
3997856.7104390357
3994637.9493803163
3994637.9493803163
3992775.6180435773
3992775.6180435773
3992775.6180435773
3992370.198824458
3992370.198824458
3991975.8878170936
3991975.8878170936
3991975.8878170936
3991975.8878170936
3991975.8878170936
3991975.8878170936
3991975.8878170936
3991593.1043902743
3991593.1043902743
3991358.2680865293
3991215.050974687
3991185.898106164
3991185.898106164
3991185.898106164
3991185.898106164
3991185.898106164
3991185.898106164
3991185.898106164
3991185.898106164
3991185.898106164
3991185.898106164
3991183.7130103474
3991183.7130103474
3991182.9508489994
3991182.9508489994
3991182.9508489994
3991180.2800892238
3991180.2800892238
3991179.8872103337
3991179.682345361
3991179.682345361
3991179.682345361
3991179.682345361
3991179.6774517796
3991179.6749388026
3991179.6749388026
3991179.6749388026
3991179.6749388026
3991179.673678671
3991179.6736782826
3991179.6736782826
3991179.6736782826
3991179.6736782826
3991179.6736782826
3991179.6736782826
3991179.6736782826
3991179.673678269
3991179.673678269
3991179.673678269
3991179.673678269
3991179.673678269
3991179.673678269
3991179.673678269
3940162.3364648656
3940162.3364648656
3938165.9435175383
3938165.9435175383
3936345.6937328205
3935430.2429470387
3935430.2429470387
3935430.2429470387
3935430.2429470387
3935430.2429470387
3933759.2397164665
3933759.2397164665
3933759.2397164665
3933759.2397164665
3933759.2397164665
3933759.2397164665
3933759.2397164665
3933759.2397164665
3933759.2397164665
3933759.2397164665
3933719.6993696364
3933717.126743101
3933717.126743101
3933712.9372327426
3933712.9372327426
3933712.9372327426
3933712.9372327426
3933712.9372327426
3933712.9372327426
3933712.9372327426
3933712.9372327426
3933712.9372327426
3933712.9372327426
3933712.9372327426
3933712.9372327426
3933712.9372327426
3933712.9372327426
3933712.872816957
3933712.872816957
3933712.8295084974
3933712.8295084974
3933712.8295084974
3933712.8295084974
3933712.8295084974
3933712.8295084974
3933712.817890753
3933712.817890753
3933712.817890753
3933712.817890753
3933712.817890753
3933712.7986359703
3933712.7986359703
3933712.7986359703
3933712.78469445
3933712.78469445
3933712.78469445
3933712.7835437586
3933712.7835437586
3933712.7835437586
3933712.7835437586
3933712.7835437586
3933712.7835437586
3933712.7835437586
3933712.783387814
3933712.783387814
3933712.7833138295
3933712.7833138295
3933712.7833138295
3933712.7833138295
3933712.783309793
3933712.783309793
3933712.783309793
3933712.783309211
3933712.783309211
3933712.783309211
3933712.783309211
3933712.783309211
3933712.783309211
3898670.72502354
3898670.725022615
3898670.725022615
3898670.725022615
3898670.725022615
3898670.7250199364
3898670.7250199364
3898670.725019285
3898670.725019285
3898670.725018998
3898670.725018998
3898670.725018998
3893744.6546571897
3893744.6546571897
3893744.6546571897
3893744.6546571897
3893744.6546571897
3893744.6546571897
3893744.6546571897
3893744.6546571897
3893744.6546571897
3893744.6546571897
3893744.6546571297
3893744.6546571297
3893744.6546570417
3893744.6546570417
3893744.6546570417
3893744.6546570417
3893744.6546570417
3893744.6546570417
3893744.6546570417
3893744.6546570417
3893744.6546570417
3893548.5540870703
3893548.5540870703
3875367.981434966
3874875.8366739936
3874875.8366739936
3874466.470064443
3874466.470064443
3874466.470064443
3874466.470064443
3874466.470064443
3874466.470064443
3874466.470064443
3874466.470064443
3874466.470064443
3874466.470064443
3874466.470064443
3874466.470064443
3874215.2937957817
3874215.2937957817
3873838.2164961617
3873838.2164961617
3873225.926884245
3873225.926884245
3873225.926884245
3873225.926884245
3873225.926884245
3873225.926884245
3873225.926884245
3873195.306888092
3873097.6370577496
3873097.6370577496
3873097.6370577496
3873097.6370577496
3873097.6370577496
3873097.6370577496
3873097.6370577496
3873033.8448125976
3872927.573792149
3872927.573792149
3872927.573792149
3872927.573792149
3872927.573792149
3872927.573792149
3872927.573792149
3872927.573792149
3872927.573792149
3872865.927741818
3872865.927741818
3872860.679655817
3872860.679655817
3872860.679655817
3872860.679655817
3872860.679655817
3872860.679655817
3872855.5714986087
3872855.5714986087
3872855.5714986087
3872855.5714986087
3872855.5714986087
3872855.5714986087
3872855.5714986087
3872855.5714986087
3872855.5714986087
3872855.5714986087
3872855.5714986087
3872855.5714986087
3872855.5714986087
3872855.5714986087
3872855.5714986087
3872855.5714986087
3872855.5714986087
3872855.5714986087
3872855.5714986087
3872855.5714986087
3872855.01299379
3872854.7565828636
3872854.7565828636
3872854.7565828636
3872854.7565828636
3872854.7565828636
3872854.7565828636
3872854.7565828636
3872854.6924360655
3872854.6924360655
3872854.6924360655
3872854.6924360655
3872854.615027211
3872854.615027211
3872854.615027211
3872854.615027211
3872854.615027211
3872854.615027211
3872854.615027211
3872854.611571719
3872854.611571719
3872854.611571719
3872854.611536777
3872854.611536777
3872854.611536777
3872854.611478986
3872854.611478986
3872854.6114776614
3872854.6114776614
3872854.611477156
3872854.611477156
3872854.611477156
3872854.611477156
3872854.611477156
3872854.611476627
3872854.611476627
3872854.611476627
3872854.611476627
3872854.611476627
3872854.611476627
3872854.6114765583
3872854.6114765583
3872854.6114765583
3872854.6114765583
3872854.6114765583
3872854.6114765583
3872854.6114765583
3872854.6114765583
3872854.6114765583
3872854.611476549
3872854.611476549
3872854.611476549
3872854.611476549
3872854.611476549
3872854.611476549
3872854.611476549
3872854.611476549
3872854.611476549
3872854.611476549
3872854.611476549
3872854.611476549
3872854.611476548
3872854.611476548
3872854.611476548
3872854.611476548
3872854.611476548
3872854.611476548
3872854.611476548
3872854.611476548
3872854.611476548
3872854.611476548
3872854.611476548
3872854.611476548
3872854.611476548
3872854.611476548
3872854.611476548
3872854.611476548
3872854.611476548
3872854.611476548
3872854.611476548
3872854.611476548
3872854.611476548
3872854.611476548
3872854.611476548
3872854.611476548
3872854.611476548
3872854.611476548
3872854.611476548
3872854.611476548
3872854.611476548
3872854.611476548
3872854.611476548
3872854.611476548
3872854.611476548
3872854.611476548
3872854.611476548
3872854.611476548
3872854.611476548
3872854.611476548
3872854.611476548
3872854.611476548
3872854.611476548
3872854.611476548
3872854.611476548
3872854.611476548
3872854.611476548
3872854.611476548
3872854.611476548
3872854.611476548
3872854.611476548
3872854.611476548
3872854.611476548
3872854.611476548
3872854.611476548
3872854.611476548
3872854.611476548
3872854.611476548
3872854.611476548
3872854.611476548
3872854.611476548
3872854.611476548
3872854.611476548
3872854.611476548
3872854.611476548
3872854.611476548
3872854.611476548
3872854.611476548
3872854.611476548
3872854.611476548
3872854.611476548
3872854.611476548
3872854.611476548
3872854.611476548
3872854.611476548
3872854.611476548
3872854.611476548
3872854.611476548
3872854.611476548
3872854.611476548
3872854.611476548
3872854.611476548
3872854.611476548
3872854.611476548
3872854.611476548
3872854.611476548
3872854.611476548
3872854.611476548
3872854.611476548
3872854.611476548
3872854.611476548
3872854.611476548
3872854.611476548
3872854.611476548
3872854.611476548
3872854.611476548
3872854.611476548
3872854.611476548
3872854.611476548
3872854.611476548
3872854.611476548
3872854.611476548
3872854.611476548
3872854.611476548
3872854.611476548
3872854.611476548
3872854.611476548
3872854.611476548
3872854.611476548
3872854.611476548
3872854.611476548
3872854.611476548
3872854.611476548
3872854.611476548
3872854.611476548
3872854.611476548
3872854.611476548
3872854.611476548
3872854.611476548
3872854.611476548
3872854.611476548
3872854.611476548
3872854.611476548
3872854.611476548
3872854.611476548
3872854.611476548
3872854.611476548
3872854.611476548
3872854.611476548
3872854.611476548
3872854.611476548
3872854.611476548
3872854.611476548
3872854.611476548
3872854.611476548
3872854.611476548
3872854.611476548
3872854.611476548
3872854.611476548
3872854.611476548
3872854.611476548
3872854.611476548
3872854.611476548
3872854.611476548
3872854.611476548
3872854.611476548
3872854.611476548
3872854.611476548
3872854.611476548
3872854.611476548
3872854.611476548
3872854.611476548
3872854.611476548
3872854.611476548
3872854.611476548
3872854.611476548
3872854.611476548
3872854.611476548
3872854.611476548
3872854.611476548
3872854.611476548
3872854.611476548
3872854.611476548
3872854.611476548
3872854.611476548
3872854.611476548
3872854.611476548
3872854.611476548
3872854.611476548
3872854.611476548
3872854.611476548
3872854.611476548
3872854.611476548
3872854.611476548
3872854.611476548
3872854.611476548
3872854.611476548
3872854.611476548
3872854.611476548
3872854.611476548
3872854.611476548
3872854.611476548
3872854.611476548
3872854.611476548
3872854.611476548
3872854.611476548
3872854.611476548
3872854.611476548
3872854.611476548
3872854.611476548
3872854.611476548
3872854.611476548
3872854.611476548
3872854.611476548
3872854.611476548
3872854.611476548
3872854.611476548
3872854.611476548
3872854.611476548
3872854.611476548
3872854.611476548
3872854.611476548
3872854.611476548
3872854.611476548
3872854.611476548
3872854.611476548
3872854.611476548
3872854.611476548
3872854.611476548
3872854.611476548
3872854.611476548
3872854.611476548
3872854.611476548
3872854.611476548
3872854.611476548
3872854.611476548
3872854.611476548
3872854.611476548
3872854.611476548
3872854.611476548
3872854.611476548
3872854.611476548
3872854.611476548
3872854.611476548
3872854.611476548
3872854.611476548
3872854.611476548
3872854.611476548
3872854.611476548
3872854.611476548
3872854.611476548
3872854.611476548
3872854.611476548
3872854.611476548
3872854.611476548
3872854.611476548
3872854.611476548
3872854.611476548
3872854.611476548
3872854.611476548
3872854.611476548
3872854.611476548
3872854.611476548
3872854.611476548
3872854.611476548
3872854.611476548
3872854.611476548
3872854.611476548
3872854.611476548
3872854.611476548
3872854.611476548
3872854.611476548
3872854.611476548
3872854.611476548
3872854.611476548
3872854.611476548
3872854.611476548
3872854.611476548
3872854.611476548
3872854.611476548
3872854.611476548
3872854.611476548
3872854.611476548
3872854.611476548
3872854.611476548
3872854.611476548
3872854.611476548
3872854.611476548
3872854.611476548
3872854.611476548
3872854.611476548
3872854.611476548
3872854.611476548
3872854.611476548
3872854.611476548
3872854.611476548
3872854.611476548
3872854.611476548
3872854.611476548
3872854.611476548
3872854.611476548
3872854.611476548
3872854.611476548
3872854.611476548
3872854.611476548
3872854.611476548
3863559.841707407
3861539.240825707
3861539.240825707
3861539.240825707
3861539.240825707
3859603.5844671135
3859603.5844671135
3858621.7644497794
3857830.236633803
3856984.381066796
3856756.022939863
3856616.2642517188
3856580.806397929
3856580.806397929
3856580.806397929
3856566.812668288
3856566.812668288
3856558.1871196153
3856558.1871196153
3856558.1871196153
3856558.1871196153
3856555.4758580364
3856554.854115241
3856554.5284393867
3856554.3686580495
3856554.3686580495
3856554.3686580495
3856554.3686580495
3856554.2386291265
3856554.053896716
3856553.776453076
3856553.776453076
3856553.776453076
3856553.4347392498
3856553.4347392498
3856553.4347392498
3856553.4347392498
3856553.4347392498
3856553.033446108
3856553.033446108
3856553.033446108
3856553.033446108
3856553.033446108
3856553.033446108
3856553.033446108
3856553.033446108
3856553.033446108
3856553.033446108
3856553.033446108
3856553.033446108
3856553.033446108
3856553.001915554
3856553.001915554
3856552.975203687
3856552.93257017
3856552.8798950003
3856552.8798950003
3856552.8798950003
3856552.8798950003
3856552.8798950003
3856552.8798950003
3856552.8798950003
3856552.8798950003
3856552.8798950003
3856552.8798950003
3856552.8798950003
3856552.8798912214
3856552.8798912214
3856552.8798912214
3856552.8798912214
3856552.8798873783
3856552.8798842435
3856552.8798842435
3856552.8798842435
3856552.879882409
3856552.879882409
3856552.879882409
3856552.879882409
3856552.879882409
3856552.879882409
3856552.879882409
3856552.879882409
3856552.879882409
3856552.879882409
3856552.879882409
3856552.879882409
3856552.879882409
3856552.879880186
3856552.879880186
3856552.879880186
3856552.879880186
3856552.879880186
3856552.87988017
3856552.879880166
3856552.879880166
3856552.879880166
3856552.879880166
3856552.879880166
3856552.87988016
3856552.87988016
3856552.87988016
3856552.87988016
3856552.87988016
3856552.87988016
3856552.87988016
3856552.87988016
3856552.8798801596
3856552.8798801596
3856552.8798801596
3856552.8798801596
3856552.8798801596
3856552.8798801596
3856552.8798801596
3856552.8798801596
3856552.8798801596
3856552.8798801596
3856552.8798801596
3856552.8798801596
3856552.8798801596
3856552.8798801596
3856552.8798801596
3856552.8798801596
3856552.8798801596
3856552.8798801596
3856552.8798801596
3856552.8798801596
3856552.8798801596
3856552.8798801596
3856552.8798801596
3856552.8798801596
3856552.8798801596
3856552.8798801596
3856552.8798801596
3856552.8798801596
3856552.8798801596
3856552.8798801596
3856552.8798801596
3856552.8798801596
3856552.8798801596
3856552.8798801596
3856552.8798801596
3856552.8798801596
3856552.8798801596
3856552.8798801596
3856552.8798801596
3856552.8798801596
3856552.8798801596
3856552.8798801596
3856552.8798801596
3856552.8798801596
3856552.8798801596
3856552.8798801596
3856552.8798801596
3856552.8798801596
3856552.8798801596
3856552.8798801596
3856552.8798801596
3856552.8798801596
3856552.8798801596
3856552.8798801596
3856552.8798801596
3856552.8798801596
3856552.8798801596
3856552.8798801596
3856552.8798801596
3856552.8798801596
3856552.8798801596
3856552.8798801596
3856552.8798801596
3856552.8798801596
3856552.8798801596
3856552.8798801596
3856552.8798801596
3856552.8798801596
3856552.8798801596
3856552.8798801596
3856552.8798801596
3856552.8798801596
3856552.8798801596
3856552.8798801596
3856552.8798801596
3856552.8798801596
3856552.8798801596
3856552.8798801596
3856552.8798801596
3856552.8798801596
3850004.2100129356
3850004.2100129356
3849118.17918363
3849118.17918363
3849118.17918363
3849118.17918363
3848554.6999779134
3848340.610360354
3848340.610360354
3848098.1734277513
3848098.1734277513
3848098.1734277513
3848098.1734277513
3848098.1734277513
3848098.1734277513
3848098.1734277513
3848098.1734277513
3848098.1734277513
3848098.1734277513
3848098.1734277513
3848098.1734277513
3848028.5857474715
3848028.5857474715
3848028.5857474715
3848028.5857474715
3848023.3270852207
3848023.3270852207
3847997.0070198756
3847997.0070198756
3847997.0070198756
3847997.0070198756
3847997.0070198756
3847997.0070198756
3847997.0070198756
3847997.0070198756
3847997.0070198756
3847997.0070198756
3847991.803719997
3847991.803719997
3847991.803719997
3847987.812490249
3847987.812490249
3847987.812490249
3847987.812490249
3847987.812490249
3847985.7059062044
3847985.7059062044
3847982.6492547374
3847982.6492547374
3847982.6492547374
3847982.6492547374
3847982.6492547374
3847982.6492547374
3847982.6492547374
3847982.6492547374
3847981.3793767923
3847981.3793767923
3847981.3793767923
3847981.3793767923
3847981.3793767923
3847979.4436362362
3847979.4436362362
3847979.4436362362
3847979.4436362362
3847979.4436362362
3847979.4436362362
3847979.278790233
3847979.278790233
3847979.278790233
3847979.278790233
3847979.278790233
3847979.278790233
3847979.278790233
3847979.278790233
3847979.278790233
3847979.2465139595
3847979.2465139595
3847979.2465139595
3847979.2465139595
3847979.2465139595
3847979.2465139595
3847979.2281139256
3847979.2281139256
3847979.2281139256
3847979.2210086896
3847979.209481093
3847979.209481093
3847979.204886122
3847979.204886122
3847979.204886122
3847979.204886122
3847979.1989264823
3847979.1892768433
3847979.1892768433
3847979.1892768433
3847979.1892768433
3847979.1853270503
3847979.179210271
3847979.179210271
3847979.1754443753
3847979.1754443753
3847979.1754443753
3847979.1754443753
3847979.174624915
3847979.174624915
3847979.174624915
3847979.174624915
3847979.174624915
3847979.1744393343
3847979.1744393343
3847979.1744393343
3847979.1744393343
3847979.1744393343
3847979.1744393343
3847979.1744393343
3847979.174434115
3847979.174434115
3847979.174434115
3847979.1744336644
3847979.1744336644
3847979.1744336644
3847979.1744336644
3847979.1744336644
3847979.1744336435
3847979.1744336435
3847979.1744336435
3847979.1744336435
3847979.174433597
3847979.174433597
3847979.174433597
3847979.1744335713
3847979.1744335713
3847979.1744335713
3847979.1744335713
3847979.1744335713
3847979.1744335713
3847979.1744335713
3847979.174433528
3847979.174433504
3847979.174433504
3847979.174433504
3847979.174433504
3847979.174433504
3847979.174433504
3847979.174433499
3847979.174433499
3847979.174433499
3847979.174433499
3847979.174433499
3847979.174433499
3847979.174433499
3847979.174433499
3847979.174433499
3847979.174433499
3847979.174433499
3847979.174433499
3847979.174433498
3847979.1744334977
3847979.1744334977
3847979.1744334977
3847979.1744334977
3847979.1744334977
3847979.1744334977
3847979.1744334977
3847979.1744334977
3847979.1744334977
3847979.1744334977
3847979.1744334977
3847979.1744334977
3847979.1744334977
3847979.1744334977
3847979.1744334977
3847979.1744334977
3847979.1744334977
3847979.1744334977
3847979.1744334977
3847979.1744334977
3847979.1744334977
3847979.1744334977
3847979.1744334977
3847979.1744334977
3847979.1744334977
3847979.1744334977
3847979.1744334977
3847979.1744334977
3847979.1744334977
3847979.1744334977
3847979.1744334977
3847979.1744334977
3847979.1744334977
3847979.1744334977
3847979.1744334977
3847979.1744334977
3847979.1744334977
3847979.1744334977
3847979.1744334977
3847979.1744334977
3847979.1744334977
3847979.1744334977
3847979.1744334977
3847979.1744334977
3847979.1744334977
3847979.1744334977
3847979.1744334977
3847979.1744334977
3847979.1744334977
3847979.1744334977
3847979.1744334977
3847979.1744334977
3847979.1744334977
3847979.1744334977
3847979.1744334977
3847979.1744334977
3847979.1744334977
3847979.1744334977
3847979.1744334977
3847979.1744334977
3847979.1744334977
3847979.1744334977
3847979.1744334977
3847979.1744334977
3847979.1744334977
3847979.1744334977
3847979.1744334977
3847979.1744334977
3847979.1744334977
3847979.1744334977
3847979.1744334977
3847979.1744334977
3847979.1744334977
3847979.1744334977
3847979.1744334977
3847979.1744334977
3847979.1744334977
3847979.1744334977
3847979.1744334977
3847979.1744334977
3847979.1744334977
3847979.1744334977
3847979.1744334977
3847979.1744334977
3847979.1744334977
3847979.1744334977
3847979.1744334977
3847979.1744334977
3847979.1744334977
3847979.1744334977
3847979.1744334977
3847979.1744334977
3847979.1744334977
3847979.1744334977
3847979.1744334977
3847979.1744334977
3847979.1744334977
3847979.1744334977
3847979.1744334977
3847979.1744334977
3847979.1744334977
3847979.1744334977
3847979.1744334977
3847979.1744334977
3847979.1744334977
3847979.1744334977
3847979.1744334977
3847979.1744334977
3847979.1744334977
3847979.1744334977
3847979.1744334977
3847979.1744334977
3847979.1744334977
3847979.1744334977
3847979.1744334977
3847979.1744334977
3847979.1744334977
3847979.1744334977
3847979.1744334977
3847979.1744334977
3847979.1744334977
3847979.1744334977
3847979.1744334977
3847979.1744334977
3847979.1744334977
3847979.1744334977
3847979.1744334977
3847979.1744334977
3847979.1744334977
3847979.1744334977
3847979.1744334977
3847979.1744334977
3847979.1744334977
3847979.1744334977
3847979.1744334977
3847979.1744334977
3847979.1744334977
3847979.1744334977
3847979.1744334977
3847979.1744334977
3847979.1744334977
3847979.1744334977
3847979.1744334977
3847979.1744334977
3847979.1744334977
3847979.1744334977
3847979.1744334977
3847979.1744334977
3847979.1744334977
3847979.1744334977
3847979.1744334977
3847979.1744334977
3847979.1744334977
3847979.1744334977
3847979.1744334977
3847979.1744334977
3847979.1744334977
3847979.1744334977
3847979.1744334977
3847979.1744334977
3847979.1744334977
3847979.1744334977
3847979.1744334977
3847979.1744334977
3847979.1744334977
3847979.1744334977
3847979.1744334977
3847979.1744334977
3847979.1744334977
3847979.1744334977
3847979.1744334977
3847979.1744334977
3847979.1744334977
3847979.1744334977
3847979.1744334977
3847979.1744334977
3847979.1744334977
3847979.1744334977
3847979.1744334977
3847979.1744334977
3847979.1744334977
3847979.1744334977
3847979.1744334977
3847979.1744334977
3847979.1744334977
3847979.1744334977
3847979.1744334977
3847979.1744334977
3847979.1744334977
3847979.1744334977
3847979.1744334977
3847979.1744334977
3847979.1744334977
3847979.1744334977
3847979.1744334977
3847979.1744334977
3847979.1744334977
3847979.1744334977
3847979.1744334977
3847979.1744334977
3847979.1744334977
3847979.1744334977
3847979.1744334977
3847979.1744334977
3847979.1744334977
3847979.1744334977
3847979.1744334977
3847979.1744334977
3847979.1744334977
3847979.1744334977
3847979.1744334977
3847979.1744334977
3847979.1744334977
3847979.1744334977
3847979.1744334977
3847979.1744334977
3847979.1744334977
3847979.1744334977
3847979.1744334977
3847979.1744334977
3847979.1744334977
3847979.1744334977
3847979.1744334977
3847979.1744334977
3847979.1744334977
3847979.1744334977
3847979.1744334977
3847979.1744334977
3847979.1744334977
3847979.1744334977
3847979.1744334977
3847979.1744334977
3847979.1744334977
3847979.1744334977
3847979.1744334977
3847979.1744334977
3847979.1744334977
3847979.1744334977
3847979.1744334977
3847979.1744334977
3847979.1744334977
3847979.1744334977
3847979.1744334977
3847979.1744334977
3847979.1744334977
3847979.1744334977
3847979.1744334977
3847979.1744334977
3847979.1744334977
3847979.1744334977
3847979.1744334977
3847979.1744334977
3847979.1744334977
3847979.1744334977
3847979.1744334977
3847979.1744334977
3847979.1744334977
3847979.1744334977
3847979.1744334977
3847979.1744334977
3847979.1744334977
3847979.1744334977
3847979.1744334977
3847979.1744334977
3847979.1744334977
3847979.1744334977
3847979.1744334977
3847979.1744334977
3847979.1744334977
3847979.1744334977
3847979.1744334977
3847979.1744334977
3847979.1744334977
3847979.1744334977
3847979.1744334977
3847979.1744334977
3847979.1744334977
3847979.1744334977
3847979.1744334977
3847979.1744334977
3847979.1744334977
3847979.1744334977
3847979.1744334977
3847979.1744334977
3847979.1744334977
3847979.1744334977
3847979.1744334977
3847979.1744334977
3847979.1744334977
3847979.1744334977
3847979.1744334977
3847979.1744334977
3847979.1744334977
3847979.1744334977
3847979.1744334977
3847979.1744334977
3847979.1744334977
3847979.1744334977
3847979.1744334977
3847979.1744334977
3847979.1744334977
3847979.1744334977
3847979.1744334977
3847979.1744334977
3847979.1744334977
3847979.1744334977
3847979.1744334977
3847979.1744334977
3847979.1744334977
3847979.1744334977
3847979.1744334977
3847979.1744334977
3847979.1744334977
3847979.1744334977
3847979.1744334977
3847979.1744334977
3847979.1744334977
3847979.1744334977
3847979.1744334977
3847979.1744334977
3847979.1744334977
3847979.1744334977
3847979.1744334977
3847979.1744334977
3847979.1744334977
3847979.1744334977
3847979.1744334977
3847979.1744334977
3847979.1744334977
3847979.1744334977
3847979.1744334977
3847979.1744334977
3847979.1744334977
3847979.1744334977
3847979.1744334977
3847979.1744334977
3847979.1744334977
3847979.1744334977
3847979.1744334977
3847979.1744334977
3847979.1744334977
3847979.1744334977
3847979.1744334977
3847979.1744334977
3847979.1744334977
3847979.1744334977
3847979.1744334977
3847979.1744334977
3847979.1744334977
3847979.1744334977
3847979.1744334977
3847979.1744334977
3847979.1744334977
3847979.1744334977
3847979.1744334977
3847979.1744334977
3847979.1744334977
3847979.1744334977
3847979.1744334977
3847979.1744334977
3847979.1744334977
3847979.1744334977
3847979.1744334977
3847979.1744334977
3847979.1744334977
3847979.1744334977
3847979.1744334977
3847979.1744334977
3847979.1744334977
3847979.1744334977
3847979.1744334977
3847979.1744334977
3847979.1744334977
3847979.1744334977
3847979.1744334977
3847979.1744334977
3847979.1744334977
3847979.1744334977
3847979.1744334977
3847979.1744334977
3847979.1744334977
3847979.1744334977
3847979.1744334977
3847979.1744334977
3847979.1744334977
3847979.1744334977
3847979.1744334977
3847979.1744334977
3847979.1744334977
3847979.1744334977
3847979.1744334977
3847979.1744334977
3847979.1744334977
3847979.1744334977
3847979.1744334977
3847979.1744334977
3847979.1744334977
3847979.1744334977
3847979.1744334977
3847979.1744334977
3847979.1744334977
3847979.1744334977
3847979.1744334977
3847979.1744334977
3847979.1744334977
3847979.1744334977
3847979.1744334977
3847979.1744334977
3847979.1744334977
3847979.1744334977
3847979.1744334977
3847979.1744334977
3847979.1744334977
3847979.1744334977
3847979.1744334977
3847979.1744334977
3847979.1744334977
3847979.1744334977
3847979.1744334977
3847979.1744334977
3847979.1744334977
3847979.1744334977
3847979.1744334977
3847979.1744334977
3847979.1744334977
3847979.1744334977
3847979.1744334977
3847979.1744334977
3847979.1744334977
3847979.1744334977
3847979.1744334977
3847979.1744334977
3847979.1744334977
3847979.1744334977
3847979.1744334977
3847979.1744334977
3847979.1744334977
3847979.1744334977
3847979.1744334977
3847979.1744334977
3847979.1744334977
3847979.1744334977
3847979.1744334977
3847979.1744334977
3847979.1744334977
3847979.1744334977
3847979.1744334977
3847979.1744334977
3847979.1744334977
3847979.1744334977
3847979.1744334977
3847979.1744334977
3847979.1744334977
3847979.1744334977
3847979.1744334977
3847979.1744334977
3847979.1744334977
3847979.1744334977
3847979.1744334977
3847979.1744334977
3847979.1744334977
3847979.1744334977
3847979.1744334977
3847979.1744334977
3847979.1744334977
3847979.1744334977
3847979.1744334977
3847979.1744334977
3847979.1744334977
3847979.1744334977
3847979.1744334977
3847979.1744334977
3847979.1744334977
3847979.1744334977
3847979.1744334977
3847979.1744334977
3847979.1744334977
3847979.1744334977
3847979.1744334977
3847979.1744334977
3847979.1744334977
3847979.1744334977
3847979.1744334977
3847979.1744334977
3847979.1744334977
3847979.1744334977
3847979.1744334977
3847979.1744334977
3847979.1744334977
3847979.1744334977
3847979.1744334977
3847979.1744334977
3847979.1744334977
3847979.1744334977
3847979.1744334977
3847979.1744334977
3847979.1744334977
3847979.1744334977
3847979.1744334977
3847979.1744334977
3847979.1744334977
3847979.1744334977
3847979.1744334977
3847979.1744334977
3847979.1744334977
3847979.1744334977
3847979.1744334977
3847979.1744334977
3847979.1744334977
3847979.1744334977
3847979.1744334977
3847979.1744334977
3847979.1744334977
3847979.1744334977
3847979.1744334977
3847979.1744334977
3847979.1744334977
3847979.1744334977
3847979.1744334977
3847979.1744334977
3847979.1744334977
3847979.1744334977
3847979.1744334977
3847979.1744334977
3847979.1744334977
3847979.1744334977
3847979.1744334977
3847979.1744334977
3847979.1744334977
3847979.1744334977
3847979.1744334977
3847979.1744334977
3847979.1744334977
3847979.1744334977
3847979.1744334977
3847979.1744334977
3847979.1744334977
3847979.1744334977
3847979.1744334977
3847979.1744334977
3847979.1744334977
3847979.1744334977
3847979.1744334977
3847979.1744334977
3847979.1744334977
3847979.1744334977
3847979.1744334977
3847979.1744334977
3847979.1744334977
3847979.1744334977
3847979.1744334977
3847979.1744334977
3847979.1744334977
3847979.1744334977
3847979.1744334977
3847979.1744334977
3847979.1744334977
3847979.1744334977
3847979.1744334977
3847979.1744334977
3847979.1744334977
3847979.1744334977
3847979.1744334977
3847979.1744334977
3847979.1744334977
3847979.1744334977
3847979.1744334977
3847979.1744334977
3847979.1744334977
3847979.1744334977
3847979.1744334977
3847979.1744334977
3847979.1744334977
3847979.1744334977
3847979.1744334977
3847979.1744334977
3847979.1744334977
3847979.1744334977
3847979.1744334977
3847979.1744334977
3847979.1744334977
3847979.1744334977
3847979.1744334977
3847979.1744334977
3847979.1744334977
3847979.1744334977
3847979.1744334977
3847979.1744334977
3847979.1744334977
3847979.1744334977
3847979.1744334977
3847979.1744334977
3847979.1744334977
3847979.1744334977
3847979.1744334977
3847979.1744334977
3847979.1744334977
3847979.1744334977
3847979.1744334977
3847979.1744334977
3847979.1744334977
3847979.1744334977
3847979.1744334977
3847979.1744334977
3847979.1744334977
3847979.1744334977
3847979.1744334977
3847979.1744334977
3847979.1744334977
3847979.1744334977
3847979.1744334977
3847979.1744334977
3847979.1744334977
3847979.1744334977
3847979.1744334977
3847979.1744334977
3847979.1744334977
3847979.1744334977
3847979.1744334977
3847979.1744334977
3847979.1744334977
3847979.1744334977
3847979.1744334977
3847979.1744334977
3847979.1744334977
3847979.1744334977
3847979.1744334977
3847979.1744334977
3847979.1744334977
3847979.1744334977
3847979.1744334977
3847979.1744334977
3847979.1744334977
3847979.1744334977
3847979.1744334977
3847979.1744334977
3847979.1744334977
3847979.1744334977
3847979.1744334977
3847979.1744334977
3847979.1744334977
3847979.1744334977
3847979.1744334977
3847979.1744334977
3847979.1744334977
3847979.1744334977
3847979.1744334977
3847979.1744334977
3847979.1744334977
3847979.1744334977
3847979.1744334977
3847979.1744334977
3847979.1744334977
3847979.1744334977
3847979.1744334977
3847979.1744334977
3847979.1744334977
3847979.1744334977
3847979.1744334977
3847979.1744334977
3847979.1744334977
3847979.1744334977
3847979.1744334977
3847979.1744334977
3847979.1744334977
3847979.1744334977
3847979.1744334977
3847979.1744334977
3847979.1744334977
3847979.1744334977
3847979.1744334977
3847979.1744334977
3847979.1744334977
3847979.1744334977
3847979.1744334977
3847979.1744334977
3847979.1744334977
3847979.1744334977
3847979.1744334977
3847979.1744334977
3847979.1744334977
3847979.1744334977
3847979.1744334977
3847979.1744334977
3847979.1744334977
3847979.1744334977
3847979.1744334977
3847979.1744334977
3847979.1744334977
3847979.1744334977
3847979.1744334977
3847979.1744334977
3847979.1744334977
3847979.1744334977
3847979.1744334977
3847979.1744334977
3847979.1744334977
3847979.1744334977
3847979.1744334977
3847979.1744334977
3847979.1744334977
3847979.1744334977
3847979.1744334977
3847979.1744334977
3847979.1744334977
3847979.1744334977
3847979.1744334977
3847979.1744334977
3847979.1744334977
3847979.1744334977
3847979.1744334977
3847979.1744334977
3847979.1744334977
3847979.1744334977
3847979.1744334977
3847979.1744334977
3847979.1744334977
3847979.1744334977
3847979.1744334977
3847979.1744334977
3847979.1744334977
3847979.1744334977
3847979.1744334977
3847979.1744334977
3847979.1744334977
3847979.1744334977
3847979.1744334977
3847979.1744334977
3847979.1744334977
3847979.1744334977
3847979.1744334977
3847979.1744334977
3847979.1744334977
3847979.1744334977
3847979.1744334977
3847979.1744334977
3847979.1744334977
3847979.1744334977
3847979.1744334977
3847979.1744334977
3847979.1744334977
3847979.1744334977
3847979.1744334977
3847979.1744334977
3847979.1744334977
3847979.1744334977
3847979.1744334977
3847979.1744334977
3847979.1744334977
3847979.1744334977
3847979.1744334977
3847979.1744334977
3847979.1744334977
3847979.1744334977
3847979.1744334977
3847979.1744334977
3847979.1744334977
3847979.1744334977
3847979.1744334977
3847979.1744334977
3847979.1744334977
3847979.1744334977
3847979.1744334977
3847979.1744334977
3847979.1744334977
3847979.1744334977
3847979.1744334977
3847979.1744334977
3847979.1744334977
3847979.1744334977
3847979.1744334977
3847979.1744334977
3847979.1744334977
3847979.1744334977
3847979.1744334977
3847979.1744334977
3847979.1744334977
3847979.1744334977
3847979.1744334977
3847979.1744334977
3847979.1744334977
3847979.1744334977
3847979.1744334977
3847979.1744334977
3847979.1744334977
3847979.1744334977
3847979.1744334977
3847979.1744334977
3847979.1744334977
3847979.1744334977
3847979.1744334977
3847979.1744334977
3847979.1744334977
3847979.1744334977
3847979.1744334977
3847979.1744334977
3847979.1744334977
3847979.1744334977
3847979.1744334977
3847979.1744334977
3847979.1744334977
3847979.1744334977
3847979.1744334977
3847979.1744334977
3847979.1744334977
3847979.1744334977
3847979.1744334977
3847979.1744334977
3847979.1744334977
3847979.1744334977
3847979.1744334977
3847979.1744334977
3847979.1744334977
3847979.1744334977
3847979.1744334977
3847979.1744334977
3847979.1744334977
3847979.1744334977
3847979.1744334977
3847979.1744334977
3847979.1744334977
3847979.1744334977
3847979.1744334977
3847979.1744334977
3847979.1744334977
3847979.1744334977
3847979.1744334977
3847979.1744334977
3847979.1744334977
3847979.1744334977
3847979.1744334977
3847979.1744334977
3847979.1744334977
3847979.1744334977
3847979.1744334977
3847979.1744334977
3847979.1744334977
3847979.1744334977
3847979.1744334977
3847979.1744334977
3847979.1744334977
3847979.1744334977
3847979.1744334977
3847979.1744334977
3847979.1744334977
3847979.1744334977
3847979.1744334977
3847979.1744334977
3847979.1744334977
3847979.1744334977
3847979.1744334977
3847979.1744334977
3847979.1744334977
3847979.1744334977
3847979.1744334977
3847979.1744334977
3847979.1744334977
3847979.1744334977
3847979.1744334977
3847979.1744334977
3847979.1744334977
3847979.1744334977
3847979.1744334977
3847979.1744334977
3847979.1744334977
3847979.1744334977
3847979.1744334977
3847979.1744334977
3847979.1744334977
3847979.1744334977
3847979.1744334977
3847979.1744334977
3847979.1744334977
3847979.1744334977
3847979.1744334977
3847979.1744334977
3847979.1744334977
3847979.1744334977
3847979.1744334977
3847979.1744334977
3847979.1744334977
3847979.1744334977
3847979.1744334977
3847979.1744334977
3847979.1744334977
3847979.1744334977
3847979.1744334977
3847979.1744334977
3847979.1744334977
3847979.1744334977
3847979.1744334977
3847979.1744334977
3847979.1744334977
3847979.1744334977
3847979.1744334977
3847979.1744334977
3847979.1744334977
3847979.1744334977
3847979.1744334977
3847979.1744334977
3847979.1744334977
3847979.1744334977
3847979.1744334977
3847979.1744334977
3847979.1744334977
3847979.1744334977
3847979.1744334977
3847979.1744334977
3847979.1744334977
3847979.1744334977
3847979.1744334977
3847979.1744334977
3847979.1744334977
3847979.1744334977
3847979.1744334977
3847979.1744334977
3847979.1744334977
3847979.1744334977
3847979.1744334977
3847979.1744334977
3847979.1744334977
3847979.1744334977
3847979.1744334977
3847979.1744334977
3847979.1744334977
3847979.1744334977
3847979.1744334977
3847979.1744334977
3847979.1744334977
3847979.1744334977
3847979.1744334977
3847979.1744334977
3847979.1744334977
3847979.1744334977
3847979.1744334977
3847979.1744334977
3847979.1744334977
3847979.1744334977
3847979.1744334977
3847979.1744334977
3847979.1744334977
3847979.1744334977
3847979.1744334977
3847979.1744334977
3847979.1744334977
3847979.1744334977
3847979.1744334977
3847979.1744334977
3847979.1744334977
3847979.1744334977
3847979.1744334977
3847979.1744334977
3847979.1744334977
3847979.1744334977
3847979.1744334977
3847979.1744334977
3847979.1744334977
3847979.1744334977
3847979.1744334977
3847979.1744334977
3847979.1744334977
3847979.1744334977
3847979.1744334977
3847979.1744334977
3847979.1744334977
3847979.1744334977
3847979.1744334977
3847979.1744334977
3847979.1744334977
3847979.1744334977
3847979.1744334977
3847979.1744334977
3847979.1744334977
3847979.1744334977
3847979.1744334977
3847979.1744334977
3847979.1744334977
3847979.1744334977
3847979.1744334977
3847979.1744334977
3847979.1744334977
3847979.1744334977
3847979.1744334977
3847979.1744334977
3847979.1744334977
3847979.1744334977
3847979.1744334977
3847979.1744334977
3847979.1744334977
3847979.1744334977
3847979.1744334977
3847979.1744334977
3847979.1744334977
3847979.1744334977
3847979.1744334977
3847979.1744334977
3847979.1744334977
3847979.1744334977
3847979.1744334977
3847979.1744334977
3847979.1744334977
3847979.1744334977
3847979.1744334977
3847979.1744334977
3847979.1744334977
3847979.1744334977
3847979.1744334977
3847979.1744334977
3847979.1744334977
3847979.1744334977
3847979.1744334977
3847979.1744334977
3847979.1744334977
3847979.1744334977
3847979.1744334977
3847979.1744334977
3847979.1744334977
3847979.1744334977
3847979.1744334977
3847979.1744334977
3847979.1744334977
3847979.1744334977
3847979.1744334977
3847979.1744334977
3847979.1744334977
3847979.1744334977
3847979.1744334977
3847979.1744334977
3847979.1744334977
3847979.1744334977
3847979.1744334977
3847979.1744334977
3847979.1744334977
3847979.1744334977
3847979.1744334977
3847979.1744334977
3847979.1744334977
3847979.1744334977
3847979.1744334977
3847979.1744334977
3847979.1744334977
3847979.1744334977
3847979.1744334977
3847979.1744334977
3847979.1744334977
3847979.1744334977
3847979.1744334977
3847979.1744334977
3847979.1744334977
3847979.1744334977
3847979.1744334977
3847979.1744334977
3847979.1744334977
3847979.1744334977
3847979.1744334977
3847979.1744334977
3847979.1744334977
3847979.1744334977
3847979.1744334977
3847979.1744334977
3847979.1744334977
3847979.1744334977
3847979.1744334977
3847979.1744334977
3847979.1744334977
3847979.1744334977
3847979.1744334977
3847979.1744334977
3847979.1744334977
3847979.1744334977
3847979.1744334977
3847979.1744334977
3847979.1744334977
3847979.1744334977
3847979.1744334977
3847979.1744334977
3847979.1744334977
3847979.1744334977
3847979.1744334977
3847979.1744334977
3847979.1744334977
3847979.1744334977
3847979.1744334977
3847979.1744334977
3847979.1744334977
3847979.1744334977
3847979.1744334977
3847979.1744334977
3847979.1744334977
3847979.1744334977
3847979.1744334977
3847979.1744334977
3847979.1744334977
3847979.1744334977
3847979.1744334977
3847979.1744334977
3847979.1744334977
3847979.1744334977
3847979.1744334977
3847979.1744334977
3847979.1744334977
3847979.1744334977
3847979.1744334977
3847979.1744334977
3847979.1744334977
3847979.1744334977
3847979.1744334977
3847979.1744334977
3847979.1744334977
3847979.1744334977
3847979.1744334977
3847979.1744334977
3847979.1744334977
3847979.1744334977
3847979.1744334977
3847979.1744334977
3847979.1744334977
3847979.1744334977
3847979.1744334977
3847979.1744334977
3847979.1744334977
3847979.1744334977
3847979.1744334977
3847979.1744334977
3847979.1744334977
3847979.1744334977
3847979.1744334977
3847979.1744334977
3847979.1744334977
3847979.1744334977
3847979.1744334977
3847979.1744334977
3847979.1744334977
3847979.1744334977
3847979.1744334977
3847979.1744334977
3847979.1744334977
3847979.1744334977
3847979.1744334977
3847979.1744334977
3847979.1744334977
3847979.1744334977
3847979.1744334977
3847979.1744334977
3847979.1744334977
3847979.1744334977
3847979.1744334977
3847979.1744334977
3847979.1744334977
3847979.1744334977
3847979.1744334977
3847979.1744334977
3847979.1744334977
3847979.1744334977
3847979.1744334977
3847979.1744334977
3847979.1744334977
3847979.1744334977
3847979.1744334977
3847979.1744334977
3847979.1744334977
3847979.1744334977
3847979.1744334977
3847979.1744334977
3847979.1744334977
3847979.1744334977
3847979.1744334977
3847979.1744334977
3847979.1744334977
3847979.1744334977
3847979.1744334977
3847979.1744334977
3847979.1744334977
3847979.1744334977
3847979.1744334977
3847979.1744334977
3847979.1744334977
3847979.1744334977
3847979.1744334977
3847979.1744334977
3847979.1744334977
3847979.1744334977
3847979.1744334977
3847979.1744334977
3847979.1744334977
3847979.1744334977
3847979.1744334977
3847979.1744334977
3847979.1744334977
3847979.1744334977
3847979.1744334977
3847979.1744334977
3847979.1744334977
3847979.1744334977
3847979.1744334977
3847979.1744334977
3847979.1744334977
3847979.1744334977
3847979.1744334977
3847979.1744334977
3847979.1744334977
3847979.1744334977
3847979.1744334977
3847979.1744334977
3847979.1744334977
3847979.1744334977
3847979.1744334977
3847979.1744334977
3847979.1744334977
3847979.1744334977
3847979.1744334977
3847979.1744334977
3847979.1744334977
3847979.1744334977
3847979.1744334977
3847979.1744334977
3847979.1744334977
3847979.1744334977
3847979.1744334977
3847979.1744334977
3847979.1744334977
3847979.1744334977
3847979.1744334977
3847979.1744334977
3847979.1744334977
3847979.1744334977
3847979.1744334977
3847979.1744334977
3847979.1744334977
3847979.1744334977
3847979.1744334977
3847979.1744334977
3847979.1744334977
3847979.1744334977
3847979.1744334977
3847979.1744334977
3847979.1744334977
3847979.1744334977
3847979.1744334977
3847979.1744334977
3847979.1744334977
3847979.1744334977
3847979.1744334977
3847979.1744334977
3847979.1744334977
3847979.1744334977
3847979.1744334977
3847979.1744334977
3847979.1744334977
3847979.1744334977
3847979.1744334977
3847979.1744334977
3847979.1744334977
3847979.1744334977
3847979.1744334977
3847979.1744334977
3847979.1744334977
3847979.1744334977
3847979.1744334977
3847979.1744334977
3847979.1744334977
3847979.1744334977
3847979.1744334977
3847979.1744334977
3847979.1744334977
3847979.1744334977
3847979.1744334977
3847979.1744334977
3847979.1744334977
3847979.1744334977
3847979.1744334977
3847979.1744334977
3847979.1744334977
3847979.1744334977
3847979.1744334977
3847979.1744334977
3847979.1744334977
3847979.1744334977
3847979.1744334977
3847979.1744334977
3847979.1744334977
3847979.1744334977
3847979.1744334977
3847979.1744334977
3847979.1744334977
3847979.1744334977
3847979.1744334977
3847979.1744334977
3847979.1744334977
3847979.1744334977
3847979.1744334977
3847979.1744334977
3847979.1744334977
3847979.1744334977
3847979.1744334977
3847979.1744334977
3847979.1744334977
3847979.1744334977
3847979.1744334977
3847979.1744334977
3847979.1744334977
3847979.1744334977
3847979.1744334977
3847979.1744334977
3847979.1744334977
3847979.1744334977
3847979.1744334977
3847979.1744334977
3847979.1744334977
3847979.1744334977
3847979.1744334977
3847979.1744334977
3847979.1744334977
3847979.1744334977
3847979.1744334977
3847979.1744334977
3847979.1744334977
3847979.1744334977
3847979.1744334977
3847979.1744334977
3847979.1744334977
3847979.1744334977
3847979.1744334977
3847979.1744334977
3847979.1744334977
3847979.1744334977
3847979.1744334977
3847979.1744334977
3847979.1744334977
3847979.1744334977
3847979.1744334977
3847979.1744334977
3847979.1744334977
3847979.1744334977
3847979.1744334977
3847979.1744334977
3847979.1744334977
3847979.1744334977
3847979.1744334977
3847979.1744334977
3847979.1744334977
3847979.1744334977
3847979.1744334977
3847979.1744334977
3847979.1744334977
3847979.1744334977
3847979.1744334977
3847979.1744334977
3847979.1744334977
3847979.1744334977
3847979.1744334977
3847979.1744334977
3847979.1744334977
3847979.1744334977
3847979.1744334977
3847979.1744334977
3847979.1744334977
3847979.1744334977
3847979.1744334977
3847979.1744334977
3847979.1744334977
3847979.1744334977
3847979.1744334977
3847979.1744334977
3847979.1744334977
3847979.1744334977
3847979.1744334977
3847979.1744334977
3847979.1744334977
3847979.1744334977
3847979.1744334977
3847979.1744334977
3847979.1744334977
3847979.1744334977
3847979.1744334977
3847979.1744334977
3847979.1744334977
3847979.1744334977
3847979.1744334977
3847979.1744334977
3847979.1744334977
3847979.1744334977
3847979.1744334977
3847979.1744334977
3847979.1744334977
3847979.1744334977
3847979.1744334977
3847979.1744334977
3847979.1744334977
3847979.1744334977
3847979.1744334977
3847979.1744334977
3847979.1744334977
3847979.1744334977
3847979.1744334977
3847979.1744334977
3847979.1744334977
3847979.1744334977
3847979.1744334977
3847979.1744334977
3847979.1744334977
3847979.1744334977
3847979.1744334977
3847979.1744334977
3847979.1744334977
3847979.1744334977
3847979.1744334977
3847979.1744334977
3847979.1744334977
3847979.1744334977
3847979.1744334977
3847979.1744334977
3847979.1744334977
3847979.1744334977
3847979.1744334977
3847979.1744334977
3847979.1744334977
3847979.1744334977
3847979.1744334977
3847979.1744334977
3847979.1744334977
3847979.1744334977
3847979.1744334977
3847979.1744334977
3847979.1744334977
3847979.1744334977
3847979.1744334977
3847979.1744334977
3847979.1744334977
3847979.1744334977
3847979.1744334977
3847979.1744334977
3847979.1744334977
3847979.1744334977
3847979.1744334977
3847979.1744334977
3847979.1744334977
3847979.1744334977
3847979.1744334977
3847979.1744334977
3847979.1744334977
3847979.1744334977
3847979.1744334977
3847979.1744334977
3847979.1744334977
3847979.1744334977
3847979.1744334977
3847979.1744334977
3847979.1744334977
3847979.1744334977
3847979.1744334977
3847979.1744334977
3847979.1744334977
3847979.1744334977
3847979.1744334977
3847979.1744334977
3847979.1744334977
3847979.1744334977
3847979.1744334977
3847979.1744334977
3847979.1744334977
3847979.1744334977
3847979.1744334977
3847979.1744334977
3847979.1744334977
3847979.1744334977
3847979.1744334977
3847979.1744334977
3847979.1744334977
3847979.1744334977
3847979.1744334977
3847979.1744334977
3847979.1744334977
3847979.1744334977
3847979.1744334977
3847979.1744334977
3847979.1744334977
3847979.1744334977
3847979.1744334977
3847979.1744334977
3847979.1744334977
3847979.1744334977
3847979.1744334977
3847979.1744334977
3847979.1744334977
3847979.1744334977
3847979.1744334977
3847979.1744334977
3847979.1744334977
3847979.1744334977
3847979.1744334977
3847979.1744334977
3847979.1744334977
3847979.1744334977
3847979.1744334977
3847979.1744334977
3847979.1744334977
3847979.1744334977
3847979.1744334977
3847979.1744334977
3847979.1744334977
3847979.1744334977
3847979.1744334977
3847979.1744334977
3847979.1744334977
3847979.1744334977
3847979.1744334977
3847979.1744334977
3847979.1744334977
3847979.1744334977
3847979.1744334977
3847979.1744334977
3847979.1744334977
3847979.1744334977
3847979.1744334977
3847979.1744334977
3847979.1744334977
3847979.1744334977
3847979.1744334977
3847979.1744334977
3847979.1744334977
3847979.1744334977
3847979.1744334977
3847979.1744334977
3847979.1744334977
3847979.1744334977
3847979.1744334977
3847979.1744334977
3847979.1744334977
3847979.1744334977
3847979.1744334977
3847979.1744334977
3847979.1744334977
3847979.1744334977
3847979.1744334977
3847979.1744334977
3847979.1744334977
3847979.1744334977
3847979.1744334977
3847979.1744334977
3847979.1744334977
3847979.1744334977
3847979.1744334977
3847979.1744334977
3847979.1744334977
3847979.1744334977
3847979.1744334977
3847979.1744334977
3847979.1744334977
3847979.1744334977
3847979.1744334977
3847979.1744334977
3847979.1744334977
3847979.1744334977
3847979.1744334977
3847979.1744334977
3847979.1744334977
3847979.1744334977
3847979.1744334977
3847979.1744334977
3847979.1744334977
3847979.1744334977
3847979.1744334977
3847979.1744334977
3847979.1744334977
3847979.1744334977
3847979.1744334977
3847979.1744334977
3847979.1744334977
3847979.1744334977
3847979.1744334977
3847979.1744334977
3847979.1744334977
3847979.1744334977
3847979.1744334977
3847979.1744334977
3847979.1744334977
3847979.1744334977
3847979.1744334977
3847979.1744334977
3847979.1744334977
3847979.1744334977
3847979.1744334977
3847979.1744334977
3847979.1744334977
3847979.1744334977
3847979.1744334977
3847979.1744334977
3847979.1744334977
3847979.1744334977
3847979.1744334977
3847979.1744334977
3847979.1744334977
3847979.1744334977
3847979.1744334977
3847979.1744334977
3847979.1744334977
3847979.1744334977
3847979.1744334977
3847979.1744334977
3847979.1744334977
3847979.1744334977
3847979.1744334977
3847979.1744334977
3847979.1744334977
3847979.1744334977
3847979.1744334977
3847979.1744334977
3847979.1744334977
3847979.1744334977
3847979.1744334977
3847979.1744334977
3847979.1744334977
3847979.1744334977
3847979.1744334977
3847979.1744334977
3847979.1744334977
3847979.1744334977
3847979.1744334977
3847979.1744334977
3847979.1744334977
3847979.1744334977
3847979.1744334977
3847979.1744334977
3847979.1744334977
3847979.1744334977
3847979.1744334977
3847979.1744334977
3847979.1744334977
3847979.1744334977
3847979.1744334977
3847979.1744334977
3847979.1744334977
3847979.1744334977
3847979.1744334977
3847979.1744334977
3847979.1744334977
3847979.1744334977
3847979.1744334977
3847979.1744334977
3847979.1744334977
3847979.1744334977
3847979.1744334977
3847979.1744334977
3847979.1744334977
3847979.1744334977
3847979.1744334977
3847979.1744334977
3847979.1744334977
3847979.1744334977
3847979.1744334977
3847979.1744334977
3847979.1744334977
3847979.1744334977
3847979.1744334977
3847979.1744334977
3847979.1744334977
3847979.1744334977
3847979.1744334977
3847979.1744334977
3847979.1744334977
3847979.1744334977
3847979.1744334977
3847979.1744334977
3847979.1744334977
3847979.1744334977
3847979.1744334977
3847979.1744334977
3847979.1744334977
3847979.1744334977
3847979.1744334977
3847979.1744334977
3847979.1744334977
3847979.1744334977
3847979.1744334977
3847979.1744334977
3847979.1744334977
3847979.1744334977
3847979.1744334977
3847979.1744334977
3847979.1744334977
3847979.1744334977
3847979.1744334977
3847979.1744334977
3847979.1744334977
3847979.1744334977
3847979.1744334977
3847979.1744334977
3847979.1744334977
3847979.1744334977
3847979.1744334977
3847979.1744334977
3847979.1744334977
3847979.1744334977
3847979.1744334977
3847979.1744334977
3847979.1744334977
3847979.1744334977
3847979.1744334977
3847979.1744334977
3847979.1744334977
3847979.1744334977
3847979.1744334977
3847979.1744334977
3847979.1744334977
3847979.1744334977
3847979.1744334977
3847979.1744334977
3847979.1744334977
3847979.1744334977
3847979.1744334977
3847979.1744334977
3847979.1744334977
3847979.1744334977
3847979.1744334977
3847979.1744334977
3847979.1744334977
3847979.1744334977
3847979.1744334977
3847979.1744334977
3847979.1744334977
3847979.1744334977
3847979.1744334977
3847979.1744334977
3847979.1744334977
3847979.1744334977
3847979.1744334977
3847979.1744334977
3847979.1744334977
3847979.1744334977
3847979.1744334977
3847979.1744334977
3847979.1744334977
3847979.1744334977
3847979.1744334977
3847979.1744334977
3847979.1744334977
3847979.1744334977
3847979.1744334977
3847979.1744334977
3847979.1744334977
3847979.1744334977
3847979.1744334977
3847979.1744334977
3847979.1744334977
3847979.1744334977
3847979.1744334977
3847979.1744334977
3847979.1744334977
3847979.1744334977
3847979.1744334977
3847979.1744334977
3847979.1744334977
3847979.1744334977
3847979.1744334977
3847979.1744334977
3847979.1744334977
3847979.1744334977
3847979.1744334977
3847979.1744334977
3847979.1744334977
3847979.1744334977
3847979.1744334977
3847979.1744334977
3847979.1744334977
3847979.1744334977
3847979.1744334977
3847979.1744334977
3847979.1744334977
3847979.1744334977
3847979.1744334977
3847979.1744334977
3847979.1744334977
3847979.1744334977
3847979.1744334977
3847979.1744334977
3847979.1744334977
3847979.1744334977
3847979.1744334977
3847979.1744334977
3847979.1744334977
3847979.1744334977
3847979.1744334977
3847979.1744334977
3847979.1744334977
3847979.1744334977
3847979.1744334977
3847979.1744334977
3847979.1744334977
3847979.1744334977
3847979.1744334977
3847979.1744334977
3847979.1744334977
3847979.1744334977
3847979.1744334977
3847979.1744334977
3847979.1744334977
3847979.1744334977
3847979.1744334977
3847979.1744334977
3847979.1744334977
3847979.1744334977
3847979.1744334977
3847979.1744334977
3847979.1744334977
3847979.1744334977
3847979.1744334977
3847979.1744334977
3847979.1744334977
3847979.1744334977
3847979.1744334977
3847979.1744334977
3847979.1744334977
3847979.1744334977
3847979.1744334977
3847979.1744334977
3847979.1744334977
3847979.1744334977
3847979.1744334977
3847979.1744334977
3847979.1744334977
3847979.1744334977
3847979.1744334977
3847979.1744334977
3847979.1744334977
3847979.1744334977
3847979.1744334977
3847979.1744334977
3847979.1744334977
3847979.1744334977
3847979.1744334977
3847979.1744334977
3847979.1744334977
3847979.1744334977
3847979.1744334977
3847979.1744334977
3847979.1744334977
3847979.1744334977
3847979.1744334977
3847979.1744334977
3847979.1744334977
3847979.1744334977
3847979.1744334977
3847979.1744334977
3847979.1744334977
3847979.1744334977
3847979.1744334977
3847979.1744334977
3847979.1744334977
3847979.1744334977
3847979.1744334977
3847979.1744334977
3847979.1744334977
3847979.1744334977
3847979.1744334977
3847979.1744334977
3847979.1744334977
3847979.1744334977
3847979.1744334977
3847979.1744334977
3847979.1744334977
3847979.1744334977
3847979.1744334977
3847979.1744334977
3847979.1744334977
3847979.1744334977
3847979.1744334977
3847979.1744334977
3847979.1744334977
3847979.1744334977
3847979.1744334977
3847979.1744334977
3847979.1744334977
3847979.1744334977
3847979.1744334977
3847979.1744334977
3847979.1744334977
3847979.1744334977
3847979.1744334977
3847979.1744334977
3847979.1744334977
3847979.1744334977
3847979.1744334977
3847979.1744334977
3847979.1744334977
3847979.1744334977
3847979.1744334977
3847979.1744334977
3847979.1744334977
3847979.1744334977
3847979.1744334977
3847979.1744334977
3847979.1744334977
3847979.1744334977
3847979.1744334977
3847979.1744334977
3847979.1744334977
3847979.1744334977
3847979.1744334977
3847979.1744334977
3847979.1744334977
3847979.1744334977
3847979.1744334977
3847979.1744334977
3847979.1744334977
3847979.1744334977
3847979.1744334977
3847979.1744334977
3847979.1744334977
3847979.1744334977
3847979.1744334977
3847979.1744334977
3847979.1744334977
3847979.1744334977
3847979.1744334977
3847979.1744334977
3847979.1744334977
3847979.1744334977
3847979.1744334977
3847979.1744334977
3847979.1744334977
3847979.1744334977
3847979.1744334977
3847979.1744334977
3847979.1744334977
3847979.1744334977
3847979.1744334977
3847979.1744334977
3847979.1744334977
3847979.1744334977
3847979.1744334977
3847979.1744334977
3847979.1744334977
3847979.1744334977
3847979.1744334977
3847979.1744334977
3847979.1744334977
3847979.1744334977
3847979.1744334977
3847979.1744334977
3847979.1744334977
3847979.1744334977
3847979.1744334977
3847979.1744334977
3847979.1744334977
3847979.1744334977
3847979.1744334977
3847979.1744334977
3847979.1744334977
3847979.1744334977
3847979.1744334977
3847979.1744334977
3847979.1744334977
3847979.1744334977
3847979.1744334977
3847979.1744334977
3847979.1744334977
3847979.1744334977
3847979.1744334977
3847979.1744334977
3847979.1744334977
3847979.1744334977
3847979.1744334977
3847979.1744334977
3847979.1744334977
3847979.1744334977
3847979.1744334977
3847979.1744334977
3847979.1744334977
3847979.1744334977
3847979.1744334977
3847979.1744334977
3847979.1744334977
3847979.1744334977
3847979.1744334977
3847979.1744334977
3847979.1744334977
3847979.1744334977
3847979.1744334977
3847979.1744334977
3847979.1744334977
3847979.1744334977
3847979.1744334977
3847979.1744334977
3847979.1744334977
3847979.1744334977
3847979.1744334977
3847979.1744334977
3847979.1744334977
3847979.1744334977
3847979.1744334977
3847979.1744334977
3847979.1744334977
3847979.1744334977
3847979.1744334977
3847979.1744334977
3847979.1744334977
3847979.1744334977
3847979.1744334977
3847979.1744334977
3847979.1744334977
3847979.1744334977
3847979.1744334977
3847979.1744334977
3847979.1744334977
3847979.1744334977
3847979.1744334977
3847979.1744334977
3847979.1744334977
3847979.1744334977
3847979.1744334977
3847979.1744334977
3847979.1744334977
3847979.1744334977
3847979.1744334977
3847979.1744334977
3847979.1744334977
3847979.1744334977
3847979.1744334977
3847979.1744334977
3847979.1744334977
3847979.1744334977
3847979.1744334977
3847979.1744334977
3847979.1744334977
3847979.1744334977
3847979.1744334977
3847979.1744334977
3847979.1744334977
3847979.1744334977
3847979.1744334977
3847979.1744334977
3847979.1744334977
3847979.1744334977
3847979.1744334977
3847979.1744334977
3847979.1744334977
3847979.1744334977
3847979.1744334977
3847979.1744334977
3847979.1744334977
3847979.1744334977
3847979.1744334977
3847979.1744334977
3847979.1744334977
3847979.1744334977
3847979.1744334977
3847979.1744334977
3847979.1744334977
3847979.1744334977
3847979.1744334977
3847979.1744334977
3847979.1744334977
3847979.1744334977
3847979.1744334977
3847979.1744334977
3847979.1744334977
3847979.1744334977
3847979.1744334977
3847979.1744334977
3847979.1744334977
3847979.1744334977
3847979.1744334977
3847979.1744334977
3847979.1744334977
3847979.1744334977
3847979.1744334977
3847979.1744334977
3847979.1744334977
3847979.1744334977
3847979.1744334977
3847979.1744334977
3847979.1744334977
3847979.1744334977
3847979.1744334977
3847979.1744334977
3847979.1744334977
3847979.1744334977
3847979.1744334977
3847979.1744334977
3847979.1744334977
3847979.1744334977
3847979.1744334977
3847979.1744334977
3847979.1744334977
3847979.1744334977
3847979.1744334977
3847979.1744334977
3847979.1744334977
3847979.1744334977
3847979.1744334977
3847979.1744334977
3847979.1744334977
3847979.1744334977
3847979.1744334977
3847979.1744334977
3847979.1744334977
3847979.1744334977
3847979.1744334977
3847979.1744334977
3847979.1744334977
3847979.1744334977
3847979.1744334977
3847979.1744334977
3847979.1744334977
3847979.1744334977
3847979.1744334977
3847979.1744334977
3847979.1744334977
3847979.1744334977
3847979.1744334977
3847979.1744334977
3847979.1744334977
3847979.1744334977
3847979.1744334977
3847979.1744334977
3847979.1744334977
3847979.1744334977
3847979.1744334977
3847979.1744334977
3847979.1744334977
3847979.1744334977
3847979.1744334977
3847979.1744334977
3847979.1744334977
3847979.1744334977
3847979.1744334977
3847979.1744334977
3847979.1744334977
3847979.1744334977
3847979.1744334977
3847979.1744334977
3847979.1744334977
3847979.1744334977
3847979.1744334977
3847979.1744334977
3847979.1744334977
3847979.1744334977
3847979.1744334977
3847979.1744334977
3847979.1744334977
3847979.1744334977
3847979.1744334977
3847979.1744334977
3847979.1744334977
3847979.1744334977
3847979.1744334977
3847979.1744334977
3847979.1744334977
3847979.1744334977
3847979.1744334977
3847979.1744334977
3847979.1744334977
3847979.1744334977
3847979.1744334977
3847979.1744334977
3847979.1744334977
3847979.1744334977
3847979.1744334977
3847979.1744334977
3847979.1744334977
3847979.1744334977
3847979.1744334977
3847979.1744334977
3847979.1744334977
3847979.1744334977
3847979.1744334977
3847979.1744334977
3847979.1744334977
3847979.1744334977
3847979.1744334977
3847979.1744334977
3847979.1744334977
3847979.1744334977
3847979.1744334977
3847979.1744334977
3847979.1744334977
3847979.1744334977
3847979.1744334977
3847979.1744334977
3847979.1744334977
3847979.1744334977
3847979.1744334977
3847979.1744334977
3847979.1744334977
3847979.1744334977
3847979.1744334977
3847979.1744334977
3847979.1744334977
3847979.1744334977
3847979.1744334977
3847979.1744334977
3847979.1744334977
3847979.1744334977
3847979.1744334977
3847979.1744334977
3847979.1744334977
3847979.1744334977
3847979.1744334977
3847979.1744334977
3847979.1744334977
3847979.1744334977
3847979.1744334977
3847979.1744334977
3847979.1744334977
3847979.1744334977
3847979.1744334977
3847979.1744334977
3847979.1744334977
3847979.1744334977
3847979.1744334977
3847979.1744334977
3847979.1744334977
3847979.1744334977
3847979.1744334977
3847979.1744334977
3847979.1744334977
3847979.1744334977
3847979.1744334977
3847979.1744334977
3847979.1744334977
3847979.1744334977
3847979.1744334977
3847979.1744334977
3847979.1744334977
3847979.1744334977
3847979.1744334977
3847979.1744334977
3847979.1744334977
3847979.1744334977
3847979.1744334977
3847979.1744334977
3847979.1744334977
3847979.1744334977
3847979.1744334977
3847979.1744334977
3847979.1744334977
3847979.1744334977
3847979.1744334977
3847979.1744334977
3847979.1744334977
3847979.1744334977
3847979.1744334977
3847979.1744334977
3847979.1744334977
3847979.1744334977
3847979.1744334977
3847979.1744334977
3847979.1744334977
3847979.1744334977
3847979.1744334977
3847979.1744334977
3847979.1744334977
3847979.1744334977
3847979.1744334977
3847979.1744334977
3847979.1744334977
3847979.1744334977
3847979.1744334977
3847979.1744334977
3847979.1744334977
3847979.1744334977
3847979.1744334977
3847979.1744334977
3847979.1744334977
3847979.1744334977
3847979.1744334977
3847979.1744334977
3847979.1744334977
3847979.1744334977
3847979.1744334977
3847979.1744334977
3847979.1744334977
3847979.1744334977
3847979.1744334977
3847979.1744334977
3847979.1744334977
3847979.1744334977
3847979.1744334977
3847979.1744334977
3847979.1744334977
3847979.1744334977
3847979.1744334977
3847979.1744334977
3847979.1744334977
3847979.1744334977
3847979.1744334977
3847979.1744334977
3847979.1744334977
3847979.1744334977
3847979.1744334977
3847979.1744334977
3847979.1744334977
3847979.1744334977
3847979.1744334977
3847979.1744334977
3847979.1744334977
3847979.1744334977
3847979.1744334977
3847979.1744334977
3847979.1744334977
3847979.1744334977
3847979.1744334977
3847979.1744334977
3847979.1744334977
3847979.1744334977
3847979.1744334977
3847979.1744334977
3847979.1744334977
3847979.1744334977
3847979.1744334977
3847979.1744334977
3847979.1744334977
3847979.1744334977
3847979.1744334977
3847979.1744334977
3847979.1744334977
3847979.1744334977
3847979.1744334977
3847979.1744334977
3847979.1744334977
3847979.1744334977
3847979.1744334977
3847979.1744334977
3847979.1744334977
3847979.1744334977
3847979.1744334977
3847979.1744334977
3847979.1744334977
3847979.1744334977
3847979.1744334977
3847979.1744334977
3847979.1744334977
3847979.1744334977
3847979.1744334977
3847979.1744334977
3847979.1744334977
3847979.1744334977
3847979.1744334977
3847979.1744334977
3847979.1744334977
3847979.1744334977
3847979.1744334977
3847979.1744334977
3847979.1744334977
3847979.1744334977
3847979.1744334977
3847979.1744334977
3847979.1744334977
3847979.1744334977
3847979.1744334977
3847979.1744334977
3847979.1744334977
3847979.1744334977
3847979.1744334977
3847979.1744334977
3847979.1744334977
3847979.1744334977
3847979.1744334977
3847979.1744334977
3847979.1744334977
3847979.1744334977
3847979.1744334977
3847979.1744334977
3847979.1744334977
3847979.1744334977
3847979.1744334977
3847979.1744334977
3847979.1744334977
3847979.1744334977
3847979.1744334977
3847979.1744334977
3847979.1744334977
3847979.1744334977
3847979.1744334977
3847979.1744334977
3847979.1744334977
3847979.1744334977
3847979.1744334977
3847979.1744334977
3847979.1744334977
3847979.1744334977
3847979.1744334977
3847979.1744334977
3847979.1744334977
3847979.1744334977
3847979.1744334977
3847979.1744334977
3847979.1744334977
3847979.1744334977
3847979.1744334977
3847979.1744334977
3847979.1744334977
3847979.1744334977
3847979.1744334977
3847979.1744334977
3847979.1744334977
3847979.1744334977
3847979.1744334977
3847979.1744334977
3847979.1744334977
3847979.1744334977
3847979.1744334977
3847979.1744334977
3847979.1744334977
3847979.1744334977
3847979.1744334977
3847979.1744334977
3847979.1744334977
3847979.1744334977
3847979.1744334977
3847979.1744334977
3847979.1744334977
3847979.1744334977
3847979.1744334977
3847979.1744334977
3847979.1744334977
3847979.1744334977
3847979.1744334977
3847979.1744334977
3847979.1744334977
3847979.1744334977
3847979.1744334977
3847979.1744334977
3847979.1744334977
3847979.1744334977
3847979.1744334977
3847979.1744334977
3847979.1744334977
3847979.1744334977
3847979.1744334977
3847979.1744334977
3847979.1744334977
3847979.1744334977
3847979.1744334977
3847979.1744334977
3847979.1744334977
3847979.1744334977
3847979.1744334977
3847979.1744334977
3847979.1744334977
3847979.1744334977
3847979.1744334977
3847979.1744334977
3847979.1744334977
3847979.1744334977
3847979.1744334977
3847979.1744334977
3847979.1744334977
3847979.1744334977
3847979.1744334977
3847979.1744334977
3847979.1744334977
3847979.1744334977
3847979.1744334977
3847979.1744334977
3847979.1744334977
3847979.1744334977
3847979.1744334977
3847979.1744334977
3847979.1744334977
3847979.1744334977
3847979.1744334977
3847979.1744334977
3847979.1744334977
3847979.1744334977
3847979.1744334977
3847979.1744334977
3847979.1744334977
3847979.1744334977
3847979.1744334977
3847979.1744334977
3847979.1744334977
3847979.1744334977
3847979.1744334977
3847979.1744334977
3847979.1744334977
3847979.1744334977
3847979.1744334977
3847979.1744334977
3847979.1744334977
3847979.1744334977
3847979.1744334977
3847979.1744334977
3847979.1744334977
3847979.1744334977
3847979.1744334977
3847979.1744334977
3847979.1744334977
3847979.1744334977
3847979.1744334977
3847979.1744334977
3847979.1744334977
3847979.1744334977
3847979.1744334977
3847979.1744334977
3847979.1744334977
3847979.1744334977
3847979.1744334977
3847979.1744334977
3847979.1744334977
3847979.1744334977
3847979.1744334977
3847979.1744334977
3847979.1744334977
3847979.1744334977
3847979.1744334977
3847979.1744334977
3847979.1744334977
3847979.1744334977
3847979.1744334977
3847979.1744334977
3847979.1744334977
3847979.1744334977
3847979.1744334977
3847979.1744334977
3847979.1744334977
3847979.1744334977
3847979.1744334977
3847979.1744334977
3847979.1744334977
3847979.1744334977
3847979.1744334977
3847979.1744334977
3847979.1744334977
3847979.1744334977
3847979.1744334977
3847979.1744334977
3847979.1744334977
3847979.1744334977
3847979.1744334977
3847979.1744334977
3847979.1744334977
3847979.1744334977
3847979.1744334977
3847979.1744334977
3847979.1744334977
3847979.1744334977
3847979.1744334977
3847979.1744334977
3847979.1744334977
3847979.1744334977
3847979.1744334977
3847979.1744334977
3847979.1744334977
3847979.1744334977
3847979.1744334977
3847979.1744334977
3847979.1744334977
3847979.1744334977
3847979.1744334977
3847979.1744334977
3847979.1744334977
3847979.1744334977
3847979.1744334977
3847979.1744334977
3847979.1744334977
3847979.1744334977
3847979.1744334977
3847979.1744334977
3847979.1744334977
3847979.1744334977
3847979.1744334977
3847979.1744334977
3847979.1744334977
3847979.1744334977
3847979.1744334977
3847979.1744334977
3847979.1744334977
3847979.1744334977
3847979.1744334977
3847979.1744334977
3847979.1744334977
3847979.1744334977
3847979.1744334977
3847979.1744334977
3847979.1744334977
3847979.1744334977
3847979.1744334977
3847979.1744334977
3847979.1744334977
3847979.1744334977
3847979.1744334977
3847979.1744334977
3847979.1744334977
3847979.1744334977
3847979.1744334977
3847979.1744334977
3847979.1744334977
3847979.1744334977
3847979.1744334977
3847979.1744334977
3847979.1744334977
3847979.1744334977
3847979.1744334977
3847979.1744334977
3847979.1744334977
3847979.1744334977
3847979.1744334977
3847979.1744334977
3847979.1744334977
3847979.1744334977
3847979.1744334977
3847979.1744334977
3847979.1744334977
3847979.1744334977
3847979.1744334977
3847979.1744334977
3847979.1744334977
3847979.1744334977
3847979.1744334977
3847979.1744334977
3847979.1744334977
3847979.1744334977
3847979.1744334977
3847979.1744334977
3847979.1744334977
3847979.1744334977
3847979.1744334977
3847979.1744334977
3847979.1744334977
3847979.1744334977
3847979.1744334977
3847979.1744334977
3847979.1744334977
3847979.1744334977
3847979.1744334977
3847979.1744334977
3847979.1744334977
3847979.1744334977
3847979.1744334977
3847979.1744334977
3847979.1744334977
3847979.1744334977
3847979.1744334977
3847979.1744334977
3847979.1744334977
3847979.1744334977
3847979.1744334977
3847979.1744334977
3847979.1744334977
3847979.1744334977
3847979.1744334977
3847979.1744334977
3847979.1744334977
3847979.1744334977
3847979.1744334977
3847979.1744334977
3847979.1744334977
3847979.1744334977
3847979.1744334977
3847979.1744334977
3847979.1744334977
3847979.1744334977
3847979.1744334977
3847979.1744334977
3847979.1744334977
3847979.1744334977
3847979.1744334977
3847979.1744334977
3847979.1744334977
3847979.1744334977
3847979.1744334977
3847979.1744334977
3847979.1744334977
3847979.1744334977
3847979.1744334977
3847979.1744334977
3847979.1744334977
3847979.1744334977
3847979.1744334977
3847979.1744334977
3847979.1744334977
3847979.1744334977
3847979.1744334977
3847979.1744334977
3847979.1744334977
3847979.1744334977
3847979.1744334977
3847979.1744334977
3847979.1744334977
3847979.1744334977
3847979.1744334977
3847979.1744334977
3847979.1744334977
3847979.1744334977
3847979.1744334977
3847979.1744334977
3847979.1744334977
3847979.1744334977
3847979.1744334977
3847979.1744334977
3847979.1744334977
3847979.1744334977
3847979.1744334977
3847979.1744334977
3847979.1744334977
3847979.1744334977
3847979.1744334977
3847979.1744334977
3847979.1744334977
3847979.1744334977
3847979.1744334977
3847979.1744334977
3847979.1744334977
3847979.1744334977
3847979.1744334977
3847979.1744334977
3847979.1744334977
3847979.1744334977
3847979.1744334977
3847979.1744334977
3847979.1744334977
3847979.1744334977
3847979.1744334977
3847979.1744334977
3847979.1744334977
3847979.1744334977
3847979.1744334977
3847979.1744334977
3847979.1744334977
3846413.388713069
3846413.388713069
3845740.952531409
3845740.952531409
3845673.9950943785
3845673.9950943785
3845673.9950943785
3845580.047211212
3845580.047211212
3845580.047211212
3845580.047211212
3845580.047211212
3845580.047211212
3845580.047211212
3845580.047211212
3845580.047211212
3845580.047211212
3845580.047211212
3845580.047211212
3845580.047211212
3845580.047211212
3845551.0359663456
3845546.3921142695
3845546.3921142695
3845546.3921142695
3845546.3921142695
3845546.3921142695
3845546.3921142695
3845544.480281461
3845541.4872624986
3845541.4872624986
3845541.4872624986
3845541.4872624986
3845541.4872624986
3845541.4872624986
3845541.2574743163
3845541.2574743163
3845541.2574743163
3845541.2574743163
3845540.886598263
3845540.886598263
3845540.886598263
3845540.886598263
3845540.886598263
3845540.886598263
3845540.7474049563
3845540.7474049563
3845540.7474049563
3845540.7474049563
3845540.7474049563
3845540.7474049563
3845540.7474049563
3845540.734833283
3845540.734833283
3845540.734833283
3845540.734833283
3845540.734833283
3845540.734833283
3845540.734833283
3845540.734833283
3845540.734833283
3845540.734833283
3845540.734833283
3845540.734833283
3845540.734833283
3845540.7341503357
3845540.7339873053
3845540.7339873053
3845540.733891884
3845540.733891884
3845540.733891884
3845540.733891884
3845540.733891884
3845540.733891884
3845540.733891884
3845540.7338780668
3845540.7338780668
3845540.7338707033
3845540.7338707033
3845540.733858424
3845540.733858424
3845540.733858424
3845540.733858424
3845540.733858424
3845540.733858424
3845540.733857549
3845540.733857549
3845540.7338570408
3845540.733856795
3845540.733856795
3845540.733856795
3845540.733856795
3845540.733856795
3845540.733856452
3845540.733856452
3845540.733856452
3845540.7338564475
3845540.7338564475
3845540.7338564475
3845540.7338564433
3845540.733856443
3845540.733856443
3845540.733856442
3845540.733856442
3845540.733856442
3845540.733856442
3845540.733856442
3845540.733856442
3845540.733856442
3845540.733856442
3845540.733856442
3845540.733856442
3845540.733856442
3845540.733856442
3845540.733856442
3845540.733856442
3845540.733856442
3845540.7338564415
3845540.7338564415
3845540.7338564415
3845540.7338564415
3845540.7338564415
3845540.7338564415
3845540.733856441
3845540.7338564405
3845540.7338564405
3845540.7338564405
3845540.7338564405
3845540.7338564405
3845540.7338564405
3845540.7338564405
3845540.7338564405
3845540.7338564405
3845540.7338564405
3845540.7338564405
3845540.7338564405
3845540.7338564405
3845540.7338564405
3845540.7338564405
3845540.7338564405
3845540.7338564405
3845540.7338564405
3845540.7338564405
3845540.7338564405
3845540.7338564405
3845540.7338564405
3845540.7338564405
3845540.7338564405
3845540.7338564405
3845540.7338564405
3845540.7338564405
3845540.7338564405
3845540.7338564405
3845540.7338564405
3845540.7338564405
3845540.7338564405
3845540.7338564405
3845540.7338564405
3845540.7338564405
3845540.7338564405
3845540.7338564405
3845540.7338564405
3845540.7338564405
3845540.7338564405
3845540.7338564405
3845540.7338564405
3845540.7338564405
3845540.7338564405
3845540.7338564405
3845540.7338564405
3845540.7338564405
3845540.7338564405
3845540.7338564405
3845540.7338564405
3845540.7338564405
3845540.7338564405
3845540.7338564405
3845540.7338564405
3845540.7338564405
3845540.7338564405
3845540.7338564405
3845540.7338564405
3845540.7338564405
3845540.7338564405
3845540.7338564405
3845540.7338564405
3845540.7338564405
3845540.7338564405
3845540.7338564405
3845540.7338564405
3845540.7338564405
3845540.7338564405
3845540.7338564405
3845540.7338564405
3845540.7338564405
3845540.7338564405
3845540.7338564405
3845540.7338564405
3845540.7338564405
3845540.7338564405
3845540.7338564405
3845540.7338564405
3845540.7338564405
3845540.7338564405
3845540.7338564405
3845540.7338564405
3845540.7338564405
3845540.7338564405
3845540.7338564405
3845540.7338564405
3845540.7338564405
3845540.7338564405
3845540.7338564405
3845540.7338564405
3845540.7338564405
3845540.7338564405
3845540.7338564405
3845540.7338564405
3845540.7338564405
3845540.7338564405
3845540.7338564405
3845540.7338564405
3845540.7338564405
3845540.7338564405
3845540.7338564405
3845540.7338564405
3845540.7338564405
3845540.7338564405
3845540.7338564405
3845540.7338564405
3845540.7338564405
3845540.7338564405
3845540.7338564405
3845540.7338564405
3845540.7338564405
3845540.7338564405
3845540.7338564405
3845540.7338564405
3845540.7338564405
3845540.7338564405
3845540.7338564405
3845540.7338564405
3845540.7338564405
3845540.7338564405
3845540.7338564405
3845540.7338564405
3845540.7338564405
3845540.7338564405
3845540.7338564405
3845540.7338564405
3845540.7338564405
3845540.7338564405
3845540.7338564405
3845540.7338564405
3845540.7338564405
3845540.7338564405
3845540.7338564405
3845540.7338564405
3845540.7338564405
3845540.7338564405
3845540.7338564405
3845540.7338564405
3845540.7338564405
3845540.7338564405
3845540.7338564405
3845540.7338564405
3845540.7338564405
3845540.7338564405
3845540.7338564405
3845540.7338564405
3845540.7338564405
3845540.7338564405
3845540.7338564405
3845540.7338564405
3845540.7338564405
3845540.7338564405
3845540.7338564405
3845540.7338564405
3845540.7338564405
3845540.7338564405
3845540.7338564405
3845540.7338564405
3845540.7338564405
3845540.7338564405
3845540.7338564405
3845540.7338564405
3845540.7338564405
3845540.7338564405
3845540.7338564405
3845540.7338564405
3845540.7338564405
3845540.7338564405
3845540.7338564405
3845540.7338564405
3845540.7338564405
3845540.7338564405
3845540.7338564405
3845540.7338564405
3845540.7338564405
3845540.7338564405
3845540.7338564405
3845540.7338564405
3845540.7338564405
3845540.7338564405
3845540.7338564405
3845540.7338564405
3845540.7338564405
3845540.7338564405
3845540.7338564405
3845540.7338564405
3845540.7338564405
3845540.7338564405
3845540.7338564405
3845540.7338564405
3845540.7338564405
3845540.7338564405
3845540.7338564405
3845540.7338564405
3845540.7338564405
3845540.7338564405
3845540.7338564405
3845540.7338564405
3845540.7338564405
3845540.7338564405
3845540.7338564405
3845540.7338564405
3845540.7338564405
3845540.7338564405
3845540.7338564405
3845540.7338564405
3845540.7338564405
3845540.7338564405
3845540.7338564405
3845540.7338564405
3845540.7338564405
3845540.7338564405
3845540.7338564405
3845540.7338564405
3845540.7338564405
3845540.7338564405
3845540.7338564405
3845540.7338564405
3845540.7338564405
3845540.7338564405
3845540.7338564405
3845540.7338564405
3845540.7338564405
3845540.7338564405
3845540.7338564405
3845540.7338564405
3845540.7338564405
3845540.7338564405
3845540.7338564405
3845540.7338564405
3845540.7338564405
3845540.7338564405
3845540.7338564405
3845540.7338564405
3845540.7338564405
3845540.7338564405
3845540.7338564405
3845540.7338564405
3845540.7338564405
3845540.7338564405
3845540.7338564405
3845540.7338564405
3845540.7338564405
3845540.7338564405
3845540.7338564405
3845540.7338564405
3845540.7338564405
3845540.7338564405
3845540.7338564405
3845540.7338564405
3845540.7338564405
3845540.7338564405
3845540.7338564405
3845540.7338564405
3845540.7338564405
3845540.7338564405
3845540.7338564405
3845540.7338564405
3845540.7338564405
3845540.7338564405
3845540.7338564405
3845540.7338564405
3845540.7338564405
3845540.7338564405
3845540.7338564405
3845540.7338564405
3845540.7338564405
3845540.7338564405
3845540.7338564405
3845540.7338564405
3845540.7338564405
3845540.7338564405
3845540.7338564405
3845540.7338564405
3845540.7338564405
3845540.7338564405
3845540.7338564405
3845540.7338564405
3845540.7338564405
3845540.7338564405
3845540.7338564405
3845540.7338564405
3845540.7338564405
3845540.7338564405
3845540.7338564405
3845540.7338564405
3845540.7338564405
3845540.7338564405
3845540.7338564405
3845540.7338564405
3845540.7338564405
3845540.7338564405
3845540.7338564405
3845540.7338564405
3845540.7338564405
3845540.7338564405
3845540.7338564405
3845540.7338564405
3845540.7338564405
3845540.7338564405
3845540.7338564405
3845540.7338564405
3845540.7338564405
3845540.7338564405
3845540.7338564405
3845540.7338564405
3845540.7338564405
3845540.7338564405
3845540.7338564405
3845540.7338564405
3845540.7338564405
3845540.7338564405
3845540.7338564405
3845540.7338564405
3845540.7338564405
3845540.7338564405
3845540.7338564405
3845540.7338564405
3845540.7338564405
3845540.7338564405
3845540.7338564405
3845540.7338564405
3845540.7338564405
3845540.7338564405
3845540.7338564405
3845540.7338564405
3845540.7338564405
3845540.7338564405
3845540.7338564405
3845540.7338564405
3845540.7338564405
3845540.7338564405
3845540.7338564405
3845540.7338564405
3845540.7338564405
3845540.7338564405
3845540.7338564405
3845540.7338564405
3845540.7338564405
3845540.7338564405
3845540.7338564405
3845540.7338564405
3845540.7338564405
3845540.7338564405
3845540.7338564405
3845540.7338564405
3845540.7338564405
3845540.7338564405
3845540.7338564405
3845540.7338564405
3845540.7338564405
3845540.7338564405
3845540.7338564405
3845540.7338564405
3845540.7338564405
3845540.7338564405
3845540.7338564405
3845540.7338564405
3845540.7338564405
3845540.7338564405
3845540.7338564405
3845540.7338564405
3845540.7338564405
3845540.7338564405
3845540.7338564405
3845540.7338564405
3845540.7338564405
3845540.7338564405
3845540.7338564405
3845540.7338564405
3845540.7338564405
3845540.7338564405
3845540.7338564405
3845540.7338564405
3845540.7338564405
3845540.7338564405
3845540.7338564405
3845540.7338564405
3845540.7338564405
3845540.7338564405
3845540.7338564405
3845540.7338564405
3845540.7338564405
3845540.7338564405
3845540.7338564405
3845540.7338564405
3845540.7338564405
3845540.7338564405
3845540.7338564405
3845540.7338564405
3845540.7338564405
3845540.7338564405
3845540.7338564405
3845540.7338564405
3845540.7338564405
3845540.7338564405
3845540.7338564405
3845540.7338564405
3845540.7338564405
3845540.7338564405
3845540.7338564405
3845540.7338564405
3845540.7338564405
3845540.7338564405
3845540.7338564405
3845540.7338564405
3845540.7338564405
3845540.7338564405
3845540.7338564405
3845540.7338564405
3845540.7338564405
3845540.7338564405
3845540.7338564405
3845540.7338564405
3845540.7338564405
3845540.7338564405
3845540.7338564405
3845540.7338564405
3845540.7338564405
3845540.7338564405
3845540.7338564405
3845540.7338564405
3845540.7338564405
3845540.7338564405
3845540.7338564405
3845540.7338564405
3845540.7338564405
3845540.7338564405
3845540.7338564405
3845540.7338564405
3845540.7338564405
3845540.7338564405
3845540.7338564405
3845540.7338564405
3845540.7338564405
3845540.7338564405
3845540.7338564405
3845540.7338564405
3845540.7338564405
3845540.7338564405
3845540.7338564405
3845540.7338564405
3845540.7338564405
3845540.7338564405
3845540.7338564405
3845540.7338564405
3845540.7338564405
3845540.7338564405
3845540.7338564405
3845540.7338564405
3845540.7338564405
3845540.7338564405
3845540.7338564405
3845540.7338564405
3845540.7338564405
3845540.7338564405
3845540.7338564405
3845540.7338564405
3845540.7338564405
3845540.7338564405
3845540.7338564405
3845540.7338564405
3845540.7338564405
3845540.7338564405
3845540.7338564405
3845540.7338564405
3845540.7338564405
3845540.7338564405
3845540.7338564405
3845540.7338564405
3845540.7338564405
3845540.7338564405
3845540.7338564405
3845540.7338564405
3845540.7338564405
3845540.7338564405
3845540.7338564405
3845540.7338564405
3845540.7338564405
3845540.7338564405
3845540.7338564405
3845540.7338564405
3845540.7338564405
3845540.7338564405
3845540.7338564405
3845540.7338564405
3845540.7338564405
3845540.7338564405
3845540.7338564405
3845540.7338564405
3845540.7338564405
3845540.7338564405
3845540.7338564405
3845540.7338564405
3845540.7338564405
3845540.7338564405
3845540.7338564405
3845540.7338564405
3845540.7338564405
3845540.7338564405
3845540.7338564405
3845540.7338564405
3845540.7338564405
3845540.7338564405
3845540.7338564405
3845540.7338564405
3845540.7338564405
3845540.7338564405
3845540.7338564405
3845540.7338564405
3845540.7338564405
3845540.7338564405
3845540.7338564405
3845540.7338564405
3845540.7338564405
3845540.7338564405
3845540.7338564405
3845540.7338564405
3845540.7338564405
3845540.7338564405
3845540.7338564405
3845540.7338564405
3845540.7338564405
3845540.7338564405
3845540.7338564405
3845540.7338564405
3845540.7338564405
3845540.7338564405
3845540.7338564405
3845540.7338564405
3845540.7338564405
3845540.7338564405
3845540.7338564405
3845540.7338564405
3845540.7338564405
3845540.7338564405
3845540.7338564405
3845540.7338564405
3845540.7338564405
3845540.7338564405
3845540.7338564405
3845540.7338564405
3845540.7338564405
3845540.7338564405
3845540.7338564405
3845540.7338564405
3845540.7338564405
3845540.7338564405
3845540.7338564405
3845540.7338564405
3845540.7338564405
3845540.7338564405
3845540.7338564405
3845540.7338564405
3845540.7338564405
3845540.7338564405
3845540.7338564405
3845540.7338564405
3845540.7338564405
3845540.7338564405
3845540.7338564405
3845540.7338564405
3845540.7338564405
3845540.7338564405
3845540.7338564405
3845540.7338564405
3845540.7338564405
3845540.7338564405
3845540.7338564405
3845540.7338564405
3845540.7338564405
3845540.7338564405
3845540.7338564405
3845540.7338564405
3845540.7338564405
3845540.7338564405
3845540.7338564405
3845540.7338564405
3845540.7338564405
3845540.7338564405
3845540.7338564405
3845540.7338564405
3845540.7338564405
3845540.7338564405
3845540.7338564405
3845540.7338564405
3845540.7338564405
3845540.7338564405
3845540.7338564405
3845540.7338564405
3845540.7338564405
3845540.7338564405
3845540.7338564405
3845540.7338564405
3845540.7338564405
3845540.7338564405
3845540.7338564405
3845540.7338564405
3845540.7338564405
3845540.7338564405
3845540.7338564405
3845540.7338564405
3845540.7338564405
3845540.7338564405
3845540.7338564405
3845540.7338564405
3845540.7338564405
3845540.7338564405
3845540.7338564405
3845540.7338564405
3845540.7338564405
3845540.7338564405
3845540.7338564405
3845540.7338564405
3845540.7338564405
3845540.7338564405
3845540.7338564405
3845540.7338564405
3845540.7338564405
3845540.7338564405
3845540.7338564405
3845540.7338564405
3845540.7338564405
3845540.7338564405
3845540.7338564405
3845540.7338564405
3845540.7338564405
3845540.7338564405
3845540.7338564405
3845540.7338564405
3845540.7338564405
3845540.7338564405
3845540.7338564405
3845540.7338564405
3845540.7338564405
3845540.7338564405
3845540.7338564405
3845540.7338564405
3845540.7338564405
3845540.7338564405
3845540.7338564405
3845540.7338564405
3845540.7338564405
3845540.7338564405
3845540.7338564405
3845540.7338564405
3845540.7338564405
3845540.7338564405
3845540.7338564405
3845540.7338564405
3845540.7338564405
3845540.7338564405
3845540.7338564405
3845540.7338564405
3845540.7338564405
3845540.7338564405
3845540.7338564405
3845540.7338564405
3845540.7338564405
3845540.7338564405
3845540.7338564405
3845540.7338564405
3845540.7338564405
3845540.7338564405
3845540.7338564405
3845540.7338564405
3845540.7338564405
3845540.7338564405
3845540.7338564405
3845540.7338564405
3845540.7338564405
3845540.7338564405
3845540.7338564405
3845540.7338564405
3845540.7338564405
3845540.7338564405
3845540.7338564405
3845540.7338564405
3845540.7338564405
3845540.7338564405
3845540.7338564405
3845540.7338564405
3845540.7338564405
3845540.7338564405
3845540.7338564405
3845540.7338564405
3845540.7338564405
3845540.7338564405
3845540.7338564405
3845540.7338564405
3845540.7338564405
3845540.7338564405
3845540.7338564405
3845540.7338564405
3845540.7338564405
3845540.7338564405
3845540.7338564405
3845540.7338564405
3845540.7338564405
3845540.7338564405
3845540.7338564405
3845540.7338564405
3845540.7338564405
3845540.7338564405
3845540.7338564405
3845540.7338564405
3845540.7338564405
3845540.7338564405
3845540.7338564405
3845540.7338564405
3845540.7338564405
3845540.7338564405
3845540.7338564405
3845540.7338564405
3845540.7338564405
3845540.7338564405
3845540.7338564405
3845540.7338564405
3845540.7338564405
3845540.7338564405
3845540.7338564405
3845540.7338564405
3845540.7338564405
3845540.7338564405
3845540.7338564405
3845540.7338564405
3845540.7338564405
3845540.7338564405
3845540.7338564405
3845540.7338564405
3845540.7338564405
3845540.7338564405
3845540.7338564405
3845540.7338564405
3845540.7338564405
3845540.7338564405
3845540.7338564405
3845540.7338564405
3845540.7338564405
3845540.7338564405
3845540.7338564405
3845540.7338564405
3845540.7338564405
3845540.7338564405
3845540.7338564405
3845540.7338564405
3845540.7338564405
3845540.7338564405
3845540.7338564405
3845540.7338564405
3845540.7338564405
3845540.7338564405
3845540.7338564405
3845540.7338564405
3845540.7338564405
3845540.7338564405
3845540.7338564405
3845540.7338564405
3845540.7338564405
3845540.7338564405
3845540.7338564405
3845540.7338564405
3845540.7338564405
3845540.7338564405
3845540.7338564405
3845540.7338564405
3845540.7338564405
3845540.7338564405
3845540.7338564405
3845540.7338564405
3845540.7338564405
3845540.7338564405
3845540.7338564405
3845540.7338564405
3845540.7338564405
3845540.7338564405
3845540.7338564405
3845540.7338564405
3845540.7338564405
3845540.7338564405
3845540.7338564405
3845540.7338564405
3845540.7338564405
3845540.7338564405
3845540.7338564405
3845540.7338564405
3845540.7338564405
3845540.7338564405
3845540.7338564405
3845540.7338564405
3845540.7338564405
3845540.7338564405
3845540.7338564405
3845540.7338564405
3845540.7338564405
3845540.7338564405
3845540.7338564405
3845540.7338564405
3845540.7338564405
3845540.7338564405
3845540.7338564405
3845540.7338564405
3845540.7338564405
3845540.7338564405
3845540.7338564405
3845540.7338564405
3845540.7338564405
3845540.7338564405
3845540.7338564405
3845540.7338564405
3845540.7338564405
3845540.7338564405
3845540.7338564405
3845540.7338564405
3845540.7338564405
3845540.7338564405
3845540.7338564405
3845540.7338564405
3845540.7338564405
3845540.7338564405
3845540.7338564405
3845540.7338564405
3845540.7338564405
3845540.7338564405
3845540.7338564405
3845540.7338564405
3845540.7338564405
3845540.7338564405
3845540.7338564405
3845540.7338564405
3845540.7338564405
3845540.7338564405
3845540.7338564405
3845540.7338564405
3845540.7338564405
3845540.7338564405
3845540.7338564405
3845540.7338564405
3845540.7338564405
3845540.7338564405
3845540.7338564405
3845540.7338564405
3845540.7338564405
3845540.7338564405
3845540.7338564405
3845540.7338564405
3845540.7338564405
3845540.7338564405
3845540.7338564405
3845540.7338564405
3845540.7338564405
3845540.7338564405
3845540.7338564405
3845540.7338564405
3845540.7338564405
3845540.7338564405
3845540.7338564405
3845540.7338564405
3845540.7338564405
3845540.7338564405
3845540.7338564405
3845540.7338564405
3845540.7338564405
3845540.7338564405
3845540.7338564405
3845540.7338564405
3845540.7338564405
3845540.7338564405
3845540.7338564405
3845540.7338564405
3845540.7338564405
3845540.7338564405
3845540.7338564405
3845540.7338564405
3845540.7338564405
3845540.7338564405
3845540.7338564405
3845540.7338564405
3845540.7338564405
3845540.7338564405
3845540.7338564405
3845540.7338564405
3845540.7338564405
3845540.7338564405
3845540.7338564405
3845540.7338564405
3845540.7338564405
3845540.7338564405
3845540.7338564405
3845540.7338564405
3845540.7338564405
3845540.7338564405
3845540.7338564405
3845540.7338564405
3845540.7338564405
3845540.7338564405
3845540.7338564405
3845540.7338564405
3845540.7338564405
3845540.7338564405
3845540.7338564405
3845540.7338564405
3845540.7338564405
3845540.7338564405
3845540.7338564405
3845540.7338564405
3845540.7338564405
3845540.7338564405
3845540.7338564405
3845540.7338564405
3845540.7338564405
3845540.7338564405
3845540.7338564405
3845540.7338564405
3845540.7338564405
3845540.7338564405
3845540.7338564405
3845540.7338564405
3845540.7338564405
3845540.7338564405
3845540.7338564405
3845540.7338564405
3845540.7338564405
3845540.7338564405
3845540.7338564405
3845540.7338564405
3845540.7338564405
3845540.7338564405
3845540.7338564405
3845540.7338564405
3845540.7338564405
3845540.7338564405
3845540.7338564405
3845540.7338564405
3845540.7338564405
3845540.7338564405
3845540.7338564405
3845540.7338564405
3845540.7338564405
3845540.7338564405
3845540.7338564405
3845540.7338564405
3845540.7338564405
3845540.7338564405
3845540.7338564405
3845540.7338564405
3845540.7338564405
3845540.7338564405
3845540.7338564405
3845540.7338564405
3845540.7338564405
3845540.7338564405
3845540.7338564405
3845540.7338564405
3845540.7338564405
3845540.7338564405
3845540.7338564405
3845540.7338564405
3845540.7338564405
3845540.7338564405
3845540.7338564405
3845540.7338564405
3845540.7338564405
3845540.7338564405
3845540.7338564405
3845540.7338564405
3845540.7338564405
3845540.7338564405
3845540.7338564405
3845540.7338564405
3845540.7338564405
3845540.7338564405
3845540.7338564405
3845540.7338564405
3845540.7338564405
3845540.7338564405
3845540.7338564405
3845540.7338564405
3845540.7338564405
3845540.7338564405
3845540.7338564405
3845540.7338564405
3845540.7338564405
3845540.7338564405
3845540.7338564405
3845540.7338564405
3845540.7338564405
3845540.7338564405
3845540.7338564405
3845540.7338564405
3845540.7338564405
3845540.7338564405
3845540.7338564405
3845540.7338564405
3845540.7338564405
3845540.7338564405
3845540.7338564405
3845540.7338564405
3845540.7338564405
3845540.7338564405
3845540.7338564405
3845540.7338564405
3845540.7338564405
3845540.7338564405
3845540.7338564405
3845540.7338564405
3845540.7338564405
3845540.7338564405
3845540.7338564405
3845540.7338564405
3845540.7338564405
3845540.7338564405
3845540.7338564405
3845540.7338564405
3845540.7338564405
3845540.7338564405
3845540.7338564405
3845540.7338564405
3845540.7338564405
3845540.7338564405
3845540.7338564405
3845540.7338564405
3845540.7338564405
3845540.7338564405
3845540.7338564405
3845540.7338564405
3845540.7338564405
3845540.7338564405
3845540.7338564405
3845540.7338564405
3845540.7338564405
3845540.7338564405
3845540.7338564405
3845540.7338564405
3845540.7338564405
3845540.7338564405
3845540.7338564405
3845540.7338564405
3845540.7338564405
3845540.7338564405
3845540.7338564405
3845540.7338564405
3845540.7338564405
3845540.7338564405
3845540.7338564405
3845540.7338564405
3845540.7338564405
3845540.7338564405
3845540.7338564405
3845540.7338564405
3845540.7338564405
3845540.7338564405
3845540.7338564405
3845540.7338564405
3845540.7338564405
3845540.7338564405
3845540.7338564405
3845540.7338564405
3845540.7338564405
3845540.7338564405
3845540.7338564405
3845540.7338564405
3845540.7338564405
3845540.7338564405
3845540.7338564405
3845540.7338564405
3845540.7338564405
3845540.7338564405
3845540.7338564405
3845540.7338564405
3845540.7338564405
3845540.7338564405
3845540.7338564405
3845540.7338564405
3845540.7338564405
3845540.7338564405
3845540.7338564405
3845540.7338564405
3845540.7338564405
3845540.7338564405
3845540.7338564405
3845540.7338564405
3845540.7338564405
3845540.7338564405
3845540.7338564405
3845540.7338564405
3845540.7338564405
3845540.7338564405
3845540.7338564405
3845540.7338564405
3845540.7338564405
3845540.7338564405
3845540.7338564405
3845540.7338564405
3845540.7338564405
3845540.7338564405
3845540.7338564405
3845540.7338564405
3845540.7338564405
3845540.7338564405
3845540.7338564405
3845540.7338564405
3845540.7338564405
3845540.7338564405
3845540.7338564405
3845540.7338564405
3845540.7338564405
3845540.7338564405
3845540.7338564405
3845540.7338564405
3845540.7338564405
3845540.7338564405
3845540.7338564405
3845540.7338564405
3845540.7338564405
3845540.7338564405
3845540.7338564405
3845540.7338564405
3845540.7338564405
3845540.7338564405
3845540.7338564405
3845540.7338564405
3845540.7338564405
3845540.7338564405
3845540.7338564405
3845540.7338564405
3845540.7338564405
3845540.7338564405
3845540.7338564405
3845540.7338564405
3845540.7338564405
3845540.7338564405
3845540.7338564405
3845540.7338564405
3845540.7338564405
3845540.7338564405
3845540.7338564405
3845540.7338564405
3845540.7338564405
3845540.7338564405
3845540.7338564405
3845540.7338564405
3845540.7338564405
3845540.7338564405
3845540.7338564405
3845540.7338564405
3845540.7338564405
3845540.7338564405
3845540.7338564405
3845540.7338564405
3845540.7338564405
3845540.7338564405
3845540.7338564405
3845540.7338564405
3845540.7338564405
3845540.7338564405
3845540.7338564405
3845540.7338564405
3845540.7338564405
3845540.7338564405
3845540.7338564405
3845540.7338564405
3845540.7338564405
3845540.7338564405
3845540.7338564405
3845540.7338564405
3845540.7338564405
3845540.7338564405
3845540.7338564405
3845540.7338564405
3845540.7338564405
3845540.7338564405