TGU
1 0 680 550 8.10 0.00028 300 0.035 100 100
2 0 360 309 8.10 0.00056 200 0.042 80 80
3 0 360 309 8.10 0.00056 200 0.042 80 80
4 60 180 240 7.74 0.00324 150 0.063 60 60
5 60 180 240 7.74 0.00324 150 0.063 60 60
6 60 180 240 7.74 0.00324 150 0.063 60 60
7 60 180 240 7.74 0.00324 150 0.063 60 60
8 60 180 240 7.74 0.00324 150 0.063 60 60
9 60 180 240 7.74 0.00324 150 0.063 60 60
10 40 120 126 8.60 0.00284 100 0.084 40 40
11 40 120 126 8.60 0.00284 100 0.084 40 40
12 55 120 126 8.60 0.00284 100 0.084 40 40
13 55 120 126 8.60 0.00284 100 0.084 40 40
CHP
1 98.8 247 0 180 40 2650 14.5 0.0345 4.2 0.030 0.031 60 60
2 44 125.8 0 135.6 75 1250 36.0 0.0435 0.6 0.027 0.011 60 60
3 98.8 247 0 180 40 2650 14.5 0.0345 4.2 0.030 0.031 60 60
4 44 125.8 0 135.6 75 1250 36.0 0.0435 0.6 0.027 0.011 60 60
5 20 60 0 55 40 2650 34.5 0.1035 2.203 0.025 0.051 60 60
6 35 105 0 45 20 1565 20.0 0.0720 2.340 0.020 0.040 60 60
HOU
1 0 120 480 3.0651 0.052
2 0 120 480 3.0651 0.052
3 0 2695 950 2.0109 0.038
Solar
1 0 23
2 0 23
3 0 24
4 0 25
5 50 25
6 200 25
7 400 26
8 700 27
9 750 27
10 950 28
11 1100 29
12 1000 29
13 900 29
14 700 28
15 400 28
16 300 28
17 300 26
18 200 25
19 100 24
20 0 24
21 0 24
22 0 24
23 0 23
24 0 23
Wind
1 7 16
2 10 16
3 14 17
4 11 17
5 12 18
6 19 23
7 15 21
8 11 17
9 6 13
10 5 11
11 6 8
12 5 12
13 4 15
14 5 15
15 6 10
16 9 23
17 3 6
18 3 12
19 5 13
20 3 10
21 4 10
22 6 10
23 6 10
24 4 12
Need
1 2300 1500 23
2 2200 1600 23
3 2300 1700 24
4 2400 1800 25
5 2700 1900 25
6 2600 2000 25
7 2700 2100 26
8 2800 2200 27
9 2900 2300 27
10 3000 2400 28
11 3100 2500 29
12 3200 2600 29
13 3300 2500 29
14 3200 2400 28
15 3100 2300 28
16 3000 2200 28
17 2900 2100 26
18 2800 2000 25
19 2700 1900 24
20 2600 1800 24
21 2500 1700 24
22 2400 1600 24
23 2300 1500 23
24 2200 1400 23