TGU
4 60 180 240 7.74 0.00324 150 0.063 60 60
CHP
1 98.8 247 0 180 40 2650 14.5 0.0345 4.2 0.030 0.031 60 60
2 44 125.8 0 135.6 75 1250 36.0 0.0435 0.6 0.027 0.011 60 60
HOU
1 0 120 480 3.0651 0.052
Solar
1 0 23
2 0 23
3 0 24
4 0 25
5 50 25
6 200 25
7 400 26
8 700 27
9 750 27
10 950 28
11 1100 29
12 1000 29
13 900 29
14 700 28
15 400 28
16 300 28
17 300 26
18 200 25
19 100 24
20 0 24
21 0 24
22 0 24
23 0 23
24 0 23
Wind
1 0 0
2 0 0
3 0 0
4 0 0
5 0 0
6 0 0
7 0 0
8 0 0
9 0 0
10 0 0
11 0 0
12 0 0
13 0 0
14 0 0
15 0 0
16 0 0
17 0 0
18 0 0
19 0 0
20 0 0
21 0 0
22 0 0
23 0 0
24 0 0
Need
1 300 150 23
2 250 150 23
3 350 150 24
4 400 150 25
5 450 150 25
6 450 200 25
7 500 200 26
8 500 250 27
9 500 250 27
10 550 250 28
11 600 250 29
12 500 300 29
13 500 300 29
14 450 250 28
15 450 250 28
16 400 250 28
17 400 250 26
18 400 250 25
19 400 200 24
20 350 200 24
21 350 200 24
22 350 200 24
23 300 200 23
24 300 200 23